0    0    84.70993333
0    1    98.03873333
0    2    106.0443333
0    3    112.9366667
0    4    78.95676667
0    5    69.2324
0    6    87.0137
1    0    81.8591
1    1    98.3296
1    2    90.47463333
1    3    102.831
1    4    96.8524
1    5    103.0796667
1    6    106.7633333
2    0    92.72443333
2    1    98.38753333
2    2    94.83503333
2    3    91.8362
2    4    112.0906667
2    5    123.6643333
2    6    80.27703333
3    0    82.9082
3    1    111.718
3    2    101.444
3    3    108.853
3    4    90.46456667
3    5    87.42913333
3    6    79.0165
