0.000000	151.081   	90.000000	0         	
0.016238	151.081   	89.898101	0.00129586	
0.032475	151.081   	89.796202	0.00518343	
0.048712	151.08    	89.694303	0.0116627 	
0.064949	151.079   	89.592404	0.0207335 	
0.081185	151.078   	89.490507	0.0323959 	
0.097421	151.077   	89.388609	0.0466496 	
0.113656	151.075   	89.286713	0.0634947 	
0.129891	151.073   	89.184818	0.0829308 	
0.146124	151.071   	89.082924	0.104958  	
0.162357	151.068   	88.981031	0.129576  	
0.178588	151.065   	88.879139	0.156784  	
0.194818	151.062   	88.777250	0.186582  	
0.211047	151.059   	88.675361	0.21897   	
0.227274	151.056   	88.573475	0.253948  	
0.243499	151.052   	88.471591	0.291515  	
0.259723	151.048   	88.369708	0.331671  	
0.275945	151.044   	88.267828	0.374415  	
0.292166	151.039   	88.165951	0.419747  	
0.308384	151.034   	88.064076	0.467667  	
0.324600	151.029   	87.962203	0.518174  	
0.340813	151.024   	87.860334	0.571268  	
0.357025	151.018   	87.758467	0.626947  	
0.373233	151.012   	87.656604	0.685213  	
0.389439	151.006   	87.554744	0.746063  	
0.405643	151       	87.452887	0.809497  	
0.421843	150.993   	87.351034	0.875516  	
0.438041	150.986   	87.249184	0.944117  	
0.454236	150.979   	87.147339	1.0153    	
0.470427	150.972   	87.045497	1.08907   	
0.486615	150.964   	86.943659	1.16541   	
0.502800	150.956   	86.841826	1.24434   	
0.518981	150.948   	86.739997	1.32585   	
0.535158	150.939   	86.638172	1.40993   	
0.551332	150.931   	86.536352	1.49659   	
0.567502	150.922   	86.434537	1.58583   	
0.583668	150.912   	86.332727	1.67765   	
0.599829	150.903   	86.230922	1.77204   	
0.615987	150.893   	86.129122	1.869     	
0.632140	150.883   	86.027328	1.96854   	
0.648289	150.873   	85.925539	2.07065   	
0.664433	150.862   	85.823756	2.17533   	
0.680573	150.852   	85.721978	2.28259   	
0.696708	150.841   	85.620207	2.39241   	
0.712838	150.829   	85.518441	2.5048    	
0.728962	150.818   	85.416682	2.61975   	
0.745082	150.806   	85.314929	2.73727   	
0.761197	150.794   	85.213182	2.85736   	
0.777306	150.781   	85.111442	2.98001   	
0.793410	150.769   	85.009709	3.10522   	
0.809508	150.756   	84.907983	3.233     	
0.825600	150.743   	84.806264	3.36333   	
0.841687	150.729   	84.704552	3.49622   	
0.857768	150.716   	84.602847	3.63167   	
0.873842	150.702   	84.501150	3.76968   	
0.889911	150.688   	84.399460	3.91024   	
0.905973	150.673   	84.297778	4.05335   	
0.922029	150.659   	84.196104	4.19902   	
0.938079	150.644   	84.094438	4.34723   	
0.954121	150.629   	83.992780	4.49799   	
0.970157	150.613   	83.891130	4.65131   	
0.986187	150.598   	83.789489	4.80716   	
1.002209	150.582   	83.687856	4.96556   	
1.018224	150.565   	83.586232	5.12651   	
1.034232	150.549   	83.484617	5.28999   	
1.050233	150.532   	83.383011	5.45602   	
1.066227	150.515   	83.281414	5.62458   	
1.082212	150.498   	83.179826	5.79568   	
1.098191	150.481   	83.078247	5.96931   	
1.114161	150.463   	82.976678	6.14548   	
1.130124	150.445   	82.875119	6.32417   	
1.146079	150.427   	82.773569	6.5054    	
1.162025	150.408   	82.672029	6.68915   	
1.177964	150.39    	82.570500	6.87543   	
1.193894	150.371   	82.468980	7.06424   	
1.209815	150.351   	82.367471	7.25556   	
1.225728	150.332   	82.265972	7.44941   	
1.241633	150.312   	82.164484	7.64577   	
1.257529	150.292   	82.063007	7.84465   	
1.273415	150.272   	81.961540	8.04604   	
1.289293	150.251   	81.860085	8.24995   	
1.305162	150.23    	81.758640	8.45637   	
1.321021	150.209   	81.657207	8.66529   	
1.336871	150.188   	81.555785	8.87672   	
1.352712	150.167   	81.454375	9.09066   	
1.368543	150.145   	81.352976	9.3071    	
1.384364	150.123   	81.251590	9.52603   	
1.400176	150.101   	81.150215	9.74747   	
1.415978	150.078   	81.048852	9.9714    	
1.431769	150.055   	80.947501	10.1978   	
1.447551	150.032   	80.846163	10.4267   	
1.463322	150.009   	80.744837	10.6581   	
1.479083	149.985   	80.643524	10.892    	
1.494833	149.962   	80.542223	11.1284   	
1.510573	149.938   	80.440935	11.3673   	
1.526302	149.913   	80.339660	11.6086   	
1.542020	149.889   	80.238399	11.8524   	
1.557728	149.864   	80.137150	12.0987   	
1.573424	149.839   	80.035915	12.3475   	
1.589109	149.814   	79.934694	12.5987   	
1.604783	149.788   	79.833486	12.8524   	
1.620445	149.762   	79.732292	13.1085   	
1.636096	149.736   	79.631111	13.3672   	
1.651735	149.71    	79.529945	13.6283   	
1.667363	149.684   	79.428793	13.8918   	
1.682978	149.657   	79.327655	14.1578   	
1.698582	149.63    	79.226531	14.4262   	
1.714173	149.603   	79.125422	14.6971   	
1.729753	149.575   	79.024328	14.9705   	
1.745320	149.547   	78.923248	15.2463   	
1.760874	149.519   	78.822184	15.5245   	
1.776417	149.491   	78.721134	15.8052   	
1.791946	149.463   	78.620100	16.0883   	
1.807463	149.434   	78.519081	16.3738   	
1.822966	149.405   	78.418077	16.6618   	
1.838457	149.376   	78.317089	16.9522   	
1.853935	149.346   	78.216116	17.245    	
1.869399	149.316   	78.115159	17.5402   	
1.884850	149.287   	78.014218	17.8379   	
1.900287	149.256   	77.913294	18.138    	
1.915711	149.226   	77.812385	18.4404   	
1.931122	149.195   	77.711493	18.7453   	
1.946518	149.164   	77.610617	19.0526   	
1.961901	149.133   	77.509757	19.3624   	
1.977269	149.102   	77.408914	19.6745   	
1.992623	149.07    	77.308088	19.989    	
2.007963	149.038   	77.207279	20.3059   	
2.023289	149.006   	77.106487	20.6252   	
2.038600	148.974   	77.005712	20.9468   	
2.053897	148.941   	76.904955	21.2709   	
2.069179	148.908   	76.804215	21.5973   	
2.084446	148.875   	76.703492	21.9262   	
2.099698	148.842   	76.602787	22.2574   	
2.114935	148.808   	76.502099	22.5909   	
2.130156	148.775   	76.401430	22.9269   	
2.145363	148.74    	76.300778	23.2652   	
2.160554	148.706   	76.200145	23.6059   	
2.175730	148.672   	76.099530	23.9489   	
2.190889	148.637   	75.998933	24.2943   	
2.206033	148.602   	75.898355	24.642    	
2.221162	148.567   	75.797795	24.9921   	
2.236274	148.531   	75.697254	25.3445   	
2.251370	148.496   	75.596732	25.6993   	
2.266450	148.46    	75.496229	26.0564   	
2.281514	148.423   	75.395744	26.4158   	
2.296561	148.387   	75.295279	26.7776   	
2.311591	148.35    	75.194834	27.1417   	
2.326605	148.314   	75.094407	27.5081   	
2.341602	148.276   	74.994001	27.8769   	
2.356582	148.239   	74.893613	28.2479   	
2.371545	148.202   	74.793246	28.6213   	
2.386491	148.164   	74.692899	28.997    	
2.401420	148.126   	74.592571	29.375    	
2.416331	148.087   	74.492264	29.7553   	
2.431225	148.049   	74.391976	30.1379   	
2.446101	148.01    	74.291710	30.5227   	
2.460960	147.971   	74.191463	30.9099   	
2.475800	147.932   	74.091237	31.2994   	
2.490623	147.893   	73.991032	31.6911   	
2.505428	147.853   	73.890847	32.0851   	
2.520214	147.813   	73.790684	32.4814   	
2.534982	147.773   	73.690541	32.88     	
2.549732	147.733   	73.590420	33.2808   	
2.564463	147.692   	73.490320	33.6839   	
2.579176	147.651   	73.390241	34.0893   	
2.593870	147.61    	73.290183	34.4969   	
2.608545	147.569   	73.190147	34.9068   	
2.623201	147.528   	73.090133	35.3189   	
2.637838	147.486   	72.990141	35.7332   	
2.652455	147.444   	72.890170	36.1498   	
2.667054	147.402   	72.790221	36.5687   	
2.681632	147.36    	72.690295	36.9897   	
2.696192	147.317   	72.590390	37.413    	
2.710731	147.274   	72.490508	37.8385   	
2.725251	147.231   	72.390649	38.2662   	
2.739751	147.188   	72.290812	38.6962   	
2.754231	147.144   	72.190997	39.1283   	
2.768690	147.101   	72.091206	39.5627   	
2.783130	147.057   	71.991437	39.9992   	
2.797549	147.013   	71.891691	40.438    	
2.811948	146.968   	71.791968	40.8789   	
2.826325	146.924   	71.692268	41.3221   	
2.840683	146.879   	71.592592	41.7674   	
2.855019	146.834   	71.492938	42.2149   	
2.869335	146.789   	71.393309	42.6646   	
2.883629	146.743   	71.293703	43.1164   	
2.897902	146.697   	71.194120	43.5704   	
2.912154	146.652   	71.094562	44.0266   	
2.926384	146.605   	70.995027	44.4849   	
2.940593	146.559   	70.895516	44.9454   	
2.954781	146.513   	70.796029	45.408    	
2.968946	146.466   	70.696567	45.8728   	
2.983090	146.419   	70.597128	46.3397   	
2.997212	146.372   	70.497714	46.8088   	
3.011311	146.324   	70.398325	47.2799   	
3.025388	146.277   	70.298960	47.7532   	
3.039443	146.229   	70.199620	48.2287   	
3.053476	146.181   	70.100304	48.7062   	
3.067486	146.133   	70.001013	49.1859   	
3.081473	146.084   	69.901748	49.6676   	
3.095437	146.035   	69.802507	50.1515   	
3.109379	145.986   	69.703292	50.6374   	
3.123297	145.937   	69.604101	51.1255   	
3.137193	145.888   	69.504937	51.6156   	
3.151065	145.839   	69.405797	52.1078   	
3.164914	145.789   	69.306683	52.6021   	
3.178739	145.739   	69.207595	53.0985   	
3.192540	145.689   	69.108532	53.5969   	
3.206318	145.638   	69.009496	54.0974   	
3.220072	145.588   	68.910485	54.5999   	
3.233802	145.537   	68.811500	55.1046   	
3.247508	145.486   	68.712541	55.6112   	
3.261190	145.435   	68.613608	56.1199   	
3.274847	145.383   	68.514702	56.6306   	
3.288480	145.332   	68.415822	57.1434   	
3.302089	145.28    	68.316969	57.6582   	
3.315673	145.228   	68.218142	58.175    	
3.329232	145.176   	68.119341	58.6939   	
3.342766	145.123   	68.020568	59.2147   	
3.356275	145.071   	67.921821	59.7376   	
3.369759	145.018   	67.823101	60.2624   	
3.383218	144.965   	67.724408	60.7893   	
3.396651	144.912   	67.625742	61.3181   	
3.410059	144.858   	67.527104	61.8489   	
3.423441	144.805   	67.428492	62.3818   	
3.436798	144.751   	67.329908	62.9165   	
3.450129	144.697   	67.231352	63.4533   	
3.463434	144.643   	67.132823	63.992    	
3.476713	144.588   	67.034321	64.5327   	
3.489965	144.534   	66.935847	65.0754   	
3.503192	144.479   	66.837401	65.6199   	
3.516392	144.424   	66.738983	66.1665   	
3.529565	144.369   	66.640592	66.715    	
3.542712	144.313   	66.542230	67.2654   	
3.555832	144.258   	66.443896	67.8177   	
3.568926	144.202   	66.345590	68.372    	
3.581992	144.146   	66.247312	68.9281   	
3.595031	144.09    	66.149063	69.4862   	
3.608043	144.034   	66.050842	70.0462   	
3.621028	143.977   	65.952649	70.6081   	
3.633985	143.92    	65.854485	71.1719   	
3.646915	143.863   	65.756350	71.7376   	
3.659817	143.806   	65.658243	72.3051   	
3.672691	143.749   	65.560165	72.8746   	
3.685537	143.692   	65.462116	73.4459   	
3.698356	143.634   	65.364097	74.019    	
3.711146	143.576   	65.266106	74.5941   	
3.723908	143.518   	65.168144	75.171    	
3.736641	143.46    	65.070211	75.7497   	
3.749346	143.401   	64.972308	76.3303   	
3.762023	143.343   	64.874434	76.9127   	
3.774671	143.284   	64.776590	77.497    	
3.787290	143.225   	64.678775	78.0831   	
3.799880	143.166   	64.580989	78.671    	
3.812441	143.107   	64.483234	79.2607   	
3.824972	143.047   	64.385508	79.8522   	
3.837475	142.987   	64.287812	80.4456   	
3.849948	142.927   	64.190145	81.0407   	
3.862392	142.867   	64.092509	81.6376   	
3.874805	142.807   	63.994902	82.2363   	
3.887190	142.747   	63.897326	82.8368   	
3.899544	142.686   	63.799780	83.4391   	
3.911868	142.625   	63.702264	84.0431   	
3.924162	142.564   	63.604778	84.6489   	
3.936426	142.503   	63.507323	85.2565   	
3.948660	142.442   	63.409898	85.8658   	
3.960863	142.381   	63.312504	86.4768   	
3.973036	142.319   	63.215140	87.0896   	
3.985178	142.257   	63.117807	87.7041   	
3.997289	142.195   	63.020504	88.3203   	
4.009370	142.133   	62.923233	88.9383   	
4.021419	142.071   	62.825992	89.558    	
4.033437	142.008   	62.728782	90.1794   	
4.045424	141.945   	62.631603	90.8025   	
4.057379	141.882   	62.534455	91.4272   	
4.069303	141.819   	62.437338	92.0537   	
4.081196	141.756   	62.340252	92.6819   	
4.093057	141.693   	62.243198	93.3117   	
4.104885	141.629   	62.146174	93.9432   	
4.116682	141.566   	62.049182	94.5764   	
4.128447	141.502   	61.952222	95.2112   	
4.140180	141.438   	61.855293	95.8477   	
4.151880	141.373   	61.758396	96.4858   	
4.163548	141.309   	61.661530	97.1255   	
4.175184	141.245   	61.564695	97.7669   	
4.186787	141.18    	61.467893	98.41     	
4.198357	141.115   	61.371122	99.0546   	
4.209894	141.05    	61.274383	99.7009   	
4.221398	140.985   	61.177676	100.349   	
4.232869	140.919   	61.081001	100.998   	
4.244307	140.854   	60.984358	101.649   	
4.255712	140.788   	60.887747	102.302   	
4.267083	140.722   	60.791168	102.956   	
4.278421	140.657   	60.694621	103.612   	
4.289725	140.59    	60.598107	104.269   	
4.300995	140.524   	60.501625	104.928   	
4.312231	140.458   	60.405175	105.589   	
4.323434	140.391   	60.308757	106.251   	
4.334602	140.324   	60.212372	106.914   	
4.345736	140.257   	60.116020	107.579   	
4.356835	140.19    	60.019700	108.246   	
4.367900	140.123   	59.923412	108.914   	
4.378931	140.056   	59.827158	109.584   	
4.389927	139.988   	59.730936	110.255   	
4.400888	139.92    	59.634746	110.928   	
4.411814	139.853   	59.538590	111.602   	
4.422705	139.785   	59.442466	112.278   	
4.433560	139.716   	59.346376	112.955   	
4.444381	139.648   	59.250318	113.634   	
4.455166	139.58    	59.154293	114.314   	
4.465916	139.511   	59.058302	114.995   	
4.476630	139.442   	58.962343	115.678   	
4.487308	139.374   	58.866418	116.363   	
4.497951	139.305   	58.770526	117.049   	
4.508558	139.235   	58.674667	117.736   	
4.519128	139.166   	58.578841	118.425   	
4.529662	139.097   	58.483049	119.115   	
4.540160	139.027   	58.387290	119.807   	
4.550622	138.957   	58.291564	120.5     	
4.561047	138.887   	58.195872	121.194   	
4.571436	138.817   	58.100214	121.89    	
4.581787	138.747   	58.004589	122.587   	
4.592102	138.677   	57.908998	123.286   	
4.602380	138.607   	57.813440	123.986   	
4.612621	138.536   	57.717916	124.687   	
4.622825	138.465   	57.622426	125.39    	
4.632991	138.394   	57.526969	126.094   	
4.643120	138.324   	57.431547	126.8     	
4.653211	138.252   	57.336158	127.506   	
4.663265	138.181   	57.240803	128.215   	
4.673281	138.11    	57.145482	128.924   	
4.683259	138.038   	57.050195	129.635   	
4.693199	137.967   	56.954942	130.347   	
4.703101	137.895   	56.859723	131.06    	
4.712964	137.823   	56.764538	131.775   	
4.722790	137.751   	56.669388	132.491   	
4.732577	137.679   	56.574271	133.208   	
4.742325	137.606   	56.479189	133.927   	
4.752035	137.534   	56.384141	134.646   	
4.761706	137.461   	56.289127	135.367   	
4.771338	137.389   	56.194147	136.09    	
4.780931	137.316   	56.099202	136.813   	
4.790485	137.243   	56.004291	137.538   	
4.800000	137.17    	55.909415	138.264   	
4.809475	137.097   	55.814573	138.991   	
4.818911	137.024   	55.719766	139.72    	
4.828308	136.95    	55.624993	140.449   	
4.837664	136.877   	55.530254	141.18    	
4.846981	136.803   	55.435550	141.912   	
4.856258	136.729   	55.340881	142.646   	
4.865495	136.655   	55.246246	143.38    	
4.874692	136.581   	55.151646	144.116   	
4.883849	136.507   	55.057081	144.853   	
4.892965	136.433   	54.962551	145.591   	
4.902041	136.359   	54.868055	146.33    	
4.911077	136.284   	54.773594	147.07    	
4.920071	136.209   	54.679168	147.811   	
4.929025	136.135   	54.584776	148.554   	
4.937938	136.06    	54.490420	149.298   	
4.946810	135.985   	54.396098	150.042   	
4.955641	135.91    	54.301812	150.788   	
4.964431	135.835   	54.207560	151.535   	
4.973179	135.759   	54.113343	152.283   	
4.981886	135.684   	54.019161	153.033   	
4.990552	135.609   	53.925014	153.783   	
4.999176	135.533   	53.830903	154.534   	
5.007758	135.457   	53.736826	155.287   	
5.016298	135.382   	53.642785	156.04    	
5.024796	135.306   	53.548778	156.795   	
5.033252	135.23    	53.454807	157.55    	
5.041666	135.153   	53.360871	158.307   	
5.050037	135.077   	53.266970	159.064   	
5.058366	135.001   	53.173104	159.823   	
5.066653	134.924   	53.079273	160.583   	
5.074897	134.848   	52.985478	161.343   	
5.083098	134.771   	52.891718	162.105   	
5.091256	134.695   	52.797993	162.868   	
5.099372	134.618   	52.704304	163.631   	
5.107444	134.541   	52.610650	164.396   	
5.115473	134.464   	52.517031	165.162   	
5.123459	134.387   	52.423447	165.928   	
5.131401	134.309   	52.329899	166.696   	
5.139300	134.232   	52.236386	167.464   	
5.147155	134.155   	52.142909	168.234   	
5.154967	134.077   	52.049467	169.004   	
5.162735	134       	51.956061	169.775   	
5.170459	133.922   	51.862690	170.547   	
5.178138	133.844   	51.769354	171.32    	
5.185774	133.766   	51.676054	172.094   	
5.193365	133.688   	51.582790	172.869   	
5.200913	133.61    	51.489561	173.645   	
5.208415	133.532   	51.396367	174.422   	
5.215873	133.454   	51.303209	175.199   	
5.223286	133.376   	51.210087	175.978   	
5.230655	133.297   	51.117000	176.757   	
5.237979	133.219   	51.023949	177.537   	
5.245257	133.14    	50.930933	178.318   	
5.252491	133.061   	50.837953	179.1     	
5.259679	132.983   	50.745009	179.882   	
5.266822	132.904   	50.652100	180.666   	
5.273920	132.825   	50.559227	181.45    	
5.280972	132.746   	50.466389	182.235   	
5.287979	132.667   	50.373587	183.02    	
5.294940	132.588   	50.280821	183.807   	
5.301855	132.509   	50.188090	184.594   	
5.308724	132.429   	50.095395	185.383   	
5.315547	132.35    	50.002736	186.171   	
5.322324	132.27    	49.910112	186.961   	
5.329054	132.191   	49.817524	187.751   	
5.335738	132.111   	49.724972	188.543   	
5.342376	132.032   	49.632455	189.334   	
5.348968	131.952   	49.539975	190.127   	
5.355512	131.872   	49.447529	190.92    	
5.362010	131.792   	49.355120	191.714   	
5.368461	131.712   	49.262746	192.509   	
5.374865	131.632   	49.170408	193.304   	
5.381222	131.552   	49.078106	194.1     	
5.387532	131.472   	48.985840	194.897   	
5.393795	131.392   	48.893609	195.695   	
5.400010	131.311   	48.801414	196.493   	
5.406177	131.231   	48.709254	197.291   	
5.412298	131.151   	48.617131	198.091   	
5.418370	131.07    	48.525043	198.891   	
5.424395	130.99    	48.432991	199.691   	
5.430372	130.909   	48.340975	200.493   	
5.436300	130.828   	48.248994	201.295   	
5.442181	130.748   	48.157049	202.097   	
5.448014	130.667   	48.065140	202.9     	
5.453798	130.586   	47.973266	203.704   	
5.459534	130.505   	47.881429	204.508   	
5.465222	130.424   	47.789627	205.313   	
5.470861	130.343   	47.697861	206.118   	
5.476451	130.262   	47.606130	206.924   	
5.481992	130.181   	47.514435	207.731   	
5.487485	130.1     	47.422776	208.538   	
5.492929	130.018   	47.331153	209.345   	
5.498323	129.937   	47.239565	210.153   	
5.503669	129.856   	47.148013	210.962   	
5.508965	129.774   	47.056497	211.771   	
5.514212	129.693   	46.965016	212.581   	
5.519409	129.611   	46.873572	213.391   	
5.524557	129.53    	46.782162	214.201   	
5.529656	129.448   	46.690789	215.012   	
5.534704	129.366   	46.599451	215.824   	
5.539703	129.285   	46.508149	216.636   	
5.544652	129.203   	46.416882	217.448   	
5.549550	129.121   	46.325651	218.261   	
5.554399	129.039   	46.234456	219.075   	
5.559197	128.958   	46.143297	219.889   	
5.563945	128.876   	46.052173	220.703   	
5.568643	128.794   	45.961084	221.517   	
5.573290	128.712   	45.870031	222.332   	
5.577887	128.63    	45.779014	223.148   	
5.582433	128.547   	45.688033	223.964   	
5.586928	128.465   	45.597087	224.78    	
5.591372	128.383   	45.506176	225.596   	
5.595766	128.301   	45.415301	226.413   	
5.600108	128.219   	45.324462	227.231   	
5.604399	128.137   	45.233658	228.048   	
5.608639	128.054   	45.142889	228.866   	
5.612828	127.972   	45.052156	229.684   	
5.616965	127.89    	44.961459	230.503   	
5.621051	127.807   	44.870797	231.322   	
5.625085	127.725   	44.780171	232.141   	
5.629067	127.642   	44.689579	232.961   	
5.632998	127.56    	44.599024	233.781   	
5.636876	127.477   	44.508504	234.601   	
5.640703	127.395   	44.418019	235.421   	
5.644478	127.312   	44.327569	236.242   	
5.648200	127.23    	44.237155	237.063   	
5.651871	127.147   	44.146776	237.884   	
5.655489	127.064   	44.056433	238.705   	
5.659054	126.982   	43.966125	239.527   	
5.662568	126.899   	43.875852	240.349   	
5.666028	126.816   	43.785614	241.171   	
5.669436	126.733   	43.695412	241.993   	
5.672791	126.651   	43.605245	242.816   	
5.676094	126.568   	43.515113	243.639   	
5.679343	126.485   	43.425016	244.462   	
5.682539	126.402   	43.334955	245.285   	
5.685683	126.319   	43.244928	246.108   	
5.688773	126.237   	43.154937	246.931   	
5.691810	126.154   	43.064981	247.755   	
5.694793	126.071   	42.975060	248.579   	
5.697723	125.988   	42.885174	249.402   	
5.700600	125.905   	42.795323	250.226   	
5.703423	125.822   	42.705508	251.051   	
5.706192	125.739   	42.615727	251.875   	
5.708908	125.656   	42.525981	252.699   	
5.711569	125.573   	42.436270	253.524   	
5.714177	125.49    	42.346594	254.348   	
5.716731	125.407   	42.256953	255.173   	
5.719230	125.324   	42.167347	255.997   	
5.721676	125.241   	42.077776	256.822   	
5.724067	125.158   	41.988239	257.647   	
5.726404	125.076   	41.898738	258.472   	
5.728686	124.993   	41.809271	259.297   	
5.730914	124.91    	41.719839	260.122   	
5.733088	124.827   	41.630442	260.947   	
5.735207	124.744   	41.541079	261.771   	
5.737271	124.661   	41.451751	262.596   	
5.739280	124.578   	41.362458	263.421   	
5.741234	124.495   	41.273199	264.246   	
5.743134	124.411   	41.183975	265.071   	
5.744978	124.329   	41.094786	265.896   	
5.746767	124.246   	41.005631	266.721   	
5.748501	124.163   	40.916511	267.546   	
5.750180	124.08    	40.827425	268.371   	
5.751803	123.997   	40.738374	269.196   	
5.753371	123.914   	40.649357	270.02    	
5.754884	123.831   	40.560374	270.845   	
5.756341	123.748   	40.471426	271.669   	
5.757742	123.665   	40.382512	272.494   	
5.759088	123.582   	40.293633	273.318   	
5.760378	123.499   	40.204787	274.142   	
5.761612	123.416   	40.115977	274.966   	
5.762790	123.333   	40.027200	275.79    	
5.763912	123.25    	39.938457	276.614   	
5.764978	123.167   	39.849749	277.438   	
5.765988	123.084   	39.761075	278.262   	
5.766941	123.002   	39.672435	279.085   	
5.767839	122.919   	39.583829	279.908   	
5.768680	122.836   	39.495257	280.731   	
5.769464	122.753   	39.406718	281.554   	
5.770192	122.67    	39.318214	282.377   	
5.770864	122.588   	39.229744	283.2     	
5.771479	122.505   	39.141308	284.022   	
5.772037	122.422   	39.052906	284.844   	
5.772539	122.339   	38.964537	285.666   	
5.772983	122.257   	38.876202	286.488   	
5.773371	122.174   	38.787901	287.309   	
5.773702	122.091   	38.699634	288.13    	
5.773976	122.009   	38.611400	288.951   	
5.774193	121.926   	38.523200	289.772   	
5.774352	121.844   	38.435034	290.592   	
5.774455	121.761   	38.346901	291.412   	
5.774500	121.679   	38.258802	292.232   	
5.774488	121.596   	38.170736	293.052   	
5.774418	121.514   	38.082704	293.871   	
5.774291	121.431   	37.994705	294.69    	
5.774107	121.349   	37.906740	295.509   	
5.773864	121.267   	37.818808	296.327   	
5.773565	121.184   	37.730909	297.145   	
5.773207	121.102   	37.643043	297.962   	
5.772792	121.02    	37.555211	298.78    	
5.772319	120.938   	37.467412	299.597   	
5.771788	120.856   	37.379646	300.413   	
5.771199	120.774   	37.291913	301.229   	
5.770552	120.691   	37.204213	302.045   	
5.769848	120.609   	37.116547	302.861   	
5.769085	120.527   	37.028913	303.676   	
5.768264	120.445   	36.941312	304.49    	
5.767384	120.364   	36.853744	305.304   	
5.766447	120.282   	36.766209	306.118   	
5.765451	120.2     	36.678707	306.932   	
5.764397	120.118   	36.591238	307.744   	
5.763284	120.036   	36.503801	308.557   	
5.762113	119.955   	36.416397	309.369   	
5.760883	119.873   	36.329026	310.18    	
5.759595	119.791   	36.241687	310.992   	
5.758248	119.71    	36.154381	311.802   	
5.756843	119.628   	36.067107	312.612   	
5.755378	119.547   	35.979866	313.422   	
5.753855	119.465   	35.892658	314.231   	
5.752274	119.384   	35.805481	315.04    	
5.750633	119.303   	35.718337	315.848   	
5.748933	119.221   	35.631226	316.655   	
5.747175	119.14    	35.544146	317.462   	
5.745357	119.059   	35.457099	318.269   	
5.743481	118.978   	35.370084	319.075   	
5.741545	118.897   	35.283101	319.88    	
5.739550	118.816   	35.196150	320.685   	
5.737496	118.735   	35.109232	321.489   	
5.735383	118.654   	35.022345	322.293   	
5.733210	118.573   	34.935490	323.096   	
5.730978	118.493   	34.848667	323.898   	
5.728687	118.412   	34.761876	324.7     	
5.726337	118.331   	34.675117	325.502   	
5.723927	118.251   	34.588389	326.302   	
5.721457	118.17    	34.501693	327.102   	
5.718928	118.09    	34.415029	327.902   	
5.716340	118.01    	34.328396	328.7     	
5.713691	117.929   	34.241795	329.498   	
5.710984	117.849   	34.155226	330.296   	
5.708216	117.769   	34.068687	331.093   	
5.705389	117.689   	33.982181	331.889   	
5.702502	117.609   	33.895705	332.684   	
5.699556	117.529   	33.809261	333.479   	
5.696549	117.449   	33.722849	334.273   	
5.693483	117.369   	33.636467	335.066   	
5.690357	117.289   	33.550117	335.859   	
5.687171	117.21    	33.463797	336.65    	
5.683925	117.13    	33.377509	337.442   	
5.680619	117.051   	33.291252	338.232   	
5.677253	116.971   	33.205025	339.022   	
5.673828	116.892   	33.118830	339.81    	
5.670342	116.812   	33.032665	340.599   	
5.666796	116.733   	32.946532	341.386   	
5.663190	116.654   	32.860429	342.172   	
5.659524	116.575   	32.774356	342.958   	
5.655797	116.496   	32.688315	343.743   	
5.652011	116.417   	32.602303	344.527   	
5.648164	116.338   	32.516323	345.311   	
5.644257	116.26    	32.430373	346.093   	
5.640290	116.181   	32.344453	346.875   	
5.636262	116.102   	32.258564	347.656   	
5.632175	116.024   	32.172705	348.436   	
5.628027	115.945   	32.086876	349.215   	
5.623818	115.867   	32.001078	349.994   	
5.619550	115.789   	31.915309	350.771   	
5.615220	115.711   	31.829571	351.548   	
5.610831	115.633   	31.743863	352.324   	
5.606381	115.555   	31.658185	353.098   	
5.601871	115.477   	31.572536	353.872   	
5.597300	115.399   	31.486918	354.646   	
5.592669	115.321   	31.401329	355.418   	
5.587977	115.244   	31.315771	356.189   	
5.583225	115.166   	31.230242	356.959   	
5.578412	115.089   	31.144742	357.729   	
5.573539	115.012   	31.059272	358.497   	
5.568606	114.934   	30.973832	359.265   	
5.563611	114.857   	30.888421	360.031   	
5.558557	114.78    	30.803040	360.797   	
5.553441	114.703   	30.717688	361.561   	
5.548266	114.626   	30.632365	362.325   	
5.543029	114.55    	30.547072	363.088   	
5.537732	114.473   	30.461807	363.849   	
5.532375	114.397   	30.376572	364.61    	
5.526957	114.32    	30.291366	365.37    	
5.521478	114.244   	30.206189	366.128   	
5.515939	114.168   	30.121041	366.886   	
5.510339	114.091   	30.035922	367.643   	
5.504678	114.015   	29.950832	368.398   	
5.498957	113.939   	29.865770	369.153   	
5.493175	113.864   	29.780738	369.906   	
5.487333	113.788   	29.695734	370.659   	
5.481430	113.712   	29.610758	371.41    	
5.475467	113.637   	29.525811	372.16    	
5.469443	113.562   	29.440893	372.909   	
5.463358	113.486   	29.356003	373.658   	
5.457213	113.411   	29.271141	374.405   	
5.451007	113.336   	29.186308	375.151   	
5.444740	113.261   	29.101503	375.895   	
5.438413	113.186   	29.016726	376.639   	
5.432026	113.112   	28.931977	377.382   	
5.425578	113.037   	28.847256	378.123   	
5.419069	112.962   	28.762564	378.863   	
5.412500	112.888   	28.677899	379.602   	
5.405870	112.814   	28.593262	380.34    	
5.399180	112.74    	28.508653	381.077   	
5.392429	112.666   	28.424071	381.813   	
5.385618	112.592   	28.339518	382.547   	
5.378746	112.518   	28.254992	383.281   	
5.371814	112.444   	28.170493	384.013   	
5.364821	112.371   	28.086022	384.743   	
5.357768	112.297   	28.001579	385.473   	
5.350655	112.224   	27.917163	386.202   	
5.343481	112.151   	27.832774	386.929   	
5.336246	112.078   	27.748412	387.655   	
5.328952	112.005   	27.664078	388.38    	
5.321597	111.932   	27.579771	389.103   	
5.314181	111.86    	27.495491	389.826   	
5.306706	111.787   	27.411237	390.547   	
5.299170	111.715   	27.327011	391.266   	
5.291574	111.642   	27.242812	391.985   	
5.283917	111.57    	27.158639	392.702   	
5.276201	111.498   	27.074493	393.418   	
5.268424	111.426   	26.990374	394.133   	
5.260587	111.354   	26.906281	394.846   	
5.252690	111.283   	26.822215	395.558   	
5.244733	111.211   	26.738176	396.269   	
5.236716	111.14    	26.654163	396.978   	
5.228639	111.069   	26.570176	397.686   	
5.220502	110.998   	26.486215	398.393   	
5.212305	110.927   	26.402281	399.099   	
5.204048	110.856   	26.318373	399.803   	
5.195731	110.785   	26.234491	400.505   	
5.187354	110.714   	26.150635	401.207   	
5.178917	110.644   	26.066805	401.907   	
5.170421	110.574   	25.983000	402.605   	
5.161865	110.504   	25.899222	403.303   	
5.153249	110.434   	25.815469	403.999   	
5.144573	110.364   	25.731742	404.693   	
5.135838	110.294   	25.648041	405.386   	
5.127043	110.224   	25.564365	406.078   	
5.118189	110.155   	25.480714	406.768   	
5.109275	110.086   	25.397089	407.457   	
5.100302	110.016   	25.313490	408.144   	
5.091269	109.947   	25.229915	408.83    	
5.082177	109.879   	25.146366	409.515   	
5.073026	109.81    	25.062842	410.198   	
5.063815	109.741   	24.979343	410.879   	
5.054545	109.673   	24.895869	411.559   	
5.045216	109.605   	24.812420	412.238   	
5.035828	109.536   	24.728996	412.915   	
5.026381	109.468   	24.645597	413.591   	
5.016875	109.401   	24.562222	414.265   	
5.007309	109.333   	24.478872	414.938   	
4.997685	109.265   	24.395546	415.609   	
4.988002	109.198   	24.312246	416.279   	
4.978261	109.131   	24.228969	416.947   	
4.968460	109.064   	24.145717	417.613   	
4.958601	108.997   	24.062489	418.279   	
4.948683	108.93    	23.979286	418.942   	
4.938707	108.863   	23.896106	419.604   	
4.928672	108.797   	23.812951	420.265   	
4.918579	108.731   	23.729820	420.924   	
4.908427	108.665   	23.646712	421.581   	
4.898217	108.599   	23.563629	422.237   	
4.887949	108.533   	23.480569	422.891   	
4.877623	108.467   	23.397533	423.544   	
4.867239	108.402   	23.314521	424.195   	
4.856796	108.336   	23.231532	424.844   	
4.846296	108.271   	23.148567	425.492   	
4.835737	108.206   	23.065626	426.138   	
4.825121	108.141   	22.982707	426.783   	
4.814447	108.076   	22.899812	427.426   	
4.803716	108.012   	22.816941	428.067   	
4.792927	107.948   	22.734092	428.707   	
4.782080	107.883   	22.651267	429.345   	
4.771176	107.819   	22.568464	429.982   	
4.760214	107.755   	22.485685	430.617   	
4.749195	107.692   	22.402928	431.25    	
4.738119	107.628   	22.320194	431.881   	
4.726986	107.565   	22.237483	432.511   	
4.715796	107.502   	22.154795	433.139   	
4.704549	107.439   	22.072129	433.766   	
4.693245	107.376   	21.989486	434.39    	
4.681884	107.313   	21.906865	435.014   	
4.670466	107.25    	21.824266	435.635   	
4.658992	107.188   	21.741690	436.255   	
4.647461	107.126   	21.659136	436.873   	
4.635874	107.064   	21.576604	437.489   	
4.624230	107.002   	21.494095	438.103   	
4.612530	106.94    	21.411607	438.716   	
4.600774	106.879   	21.329141	439.327   	
4.588962	106.818   	21.246697	439.936   	
4.577093	106.757   	21.164275	440.544   	
4.565169	106.696   	21.081875	441.15    	
4.553189	106.635   	20.999496	441.754   	
4.541154	106.574   	20.917138	442.356   	
4.529062	106.514   	20.834803	442.957   	
4.516915	106.454   	20.752488	443.555   	
4.504713	106.394   	20.670195	444.152   	
4.492456	106.334   	20.587923	444.747   	
4.480143	106.274   	20.505673	445.341   	
4.467775	106.214   	20.423443	445.932   	
4.455352	106.155   	20.341235	446.522   	
4.442874	106.096   	20.259047	447.11    	
4.430342	106.037   	20.176880	447.696   	
4.417754	105.978   	20.094734	448.28    	
4.405112	105.92    	20.012609	448.863   	
4.392416	105.861   	19.930505	449.443   	
4.379665	105.803   	19.848421	450.022   	
4.366860	105.745   	19.766358	450.599   	
4.354001	105.687   	19.684315	451.174   	
4.341088	105.629   	19.602292	451.747   	
4.328121	105.572   	19.520290	452.318   	
4.315100	105.515   	19.438308	452.888   	
4.302025	105.458   	19.356345	453.455   	
4.288897	105.401   	19.274404	454.021   	
4.275715	105.344   	19.192482	454.585   	
4.262480	105.287   	19.110579	455.147   	
4.249192	105.231   	19.028697	455.707   	
4.235851	105.175   	18.946835	456.265   	
4.222456	105.119   	18.864992	456.821   	
4.209009	105.063   	18.783168	457.375   	
4.195509	105.008   	18.701365	457.928   	
4.181957	104.952   	18.619580	458.478   	
4.168352	104.897   	18.537815	459.026   	
4.154695	104.842   	18.456069	459.573   	
4.140985	104.787   	18.374343	460.118   	
4.127223	104.733   	18.292636	460.66    	
4.113410	104.678   	18.210947	461.201   	
4.099544	104.624   	18.129278	461.74    	
4.085627	104.57    	18.047627	462.276   	
4.071659	104.516   	17.965996	462.811   	
4.057639	104.463   	17.884383	463.344   	
4.043567	104.409   	17.802788	463.875   	
4.029445	104.356   	17.721213	464.404   	
4.015271	104.303   	17.639655	464.931   	
4.001047	104.25    	17.558116	465.455   	
3.986772	104.198   	17.476596	465.978   	
3.972446	104.145   	17.395094	466.499   	
3.958070	104.093   	17.313610	467.018   	
3.943643	104.041   	17.232144	467.535   	
3.929167	103.989   	17.150696	468.05    	
3.914640	103.938   	17.069266	468.562   	
3.900063	103.886   	16.987854	469.073   	
3.885437	103.835   	16.906460	469.582   	
3.870761	103.784   	16.825083	470.088   	
3.856036	103.733   	16.743724	470.593   	
3.841261	103.683   	16.662383	471.096   	
3.826437	103.632   	16.581059	471.596   	
3.811564	103.582   	16.499752	472.094   	
3.796643	103.532   	16.418463	472.591   	
3.781673	103.482   	16.337191	473.085   	
3.766654	103.433   	16.255937	473.577   	
3.751587	103.384   	16.174699	474.067   	
3.736471	103.335   	16.093478	474.556   	
3.721308	103.286   	16.012274	475.041   	
3.706097	103.237   	15.931087	475.525   	
3.690838	103.189   	15.849917	476.007   	
3.675531	103.14    	15.768764	476.487   	
3.660177	103.092   	15.687627	476.964   	
3.644776	103.044   	15.606506	477.44    	
3.629328	102.997   	15.525402	477.913   	
3.613833	102.949   	15.444315	478.384   	
3.598291	102.902   	15.363244	478.853   	
3.582702	102.855   	15.282188	479.32    	
3.567067	102.808   	15.201149	479.785   	
3.551386	102.762   	15.120127	480.248   	
3.535659	102.716   	15.039120	480.708   	
3.519886	102.669   	14.958128	481.166   	
3.504067	102.624   	14.877153	481.623   	
3.488203	102.578   	14.796193	482.077   	
3.472293	102.532   	14.715250	482.528   	
3.456338	102.487   	14.634321	482.978   	
3.440338	102.442   	14.553408	483.426   	
3.424293	102.397   	14.472511	483.871   	
3.408203	102.353   	14.391628	484.314   	
3.392069	102.308   	14.310761	484.755   	
3.375891	102.264   	14.229910	485.194   	
3.359669	102.22    	14.149073	485.63    	
3.343402	102.177   	14.068251	486.065   	
3.327092	102.133   	13.987444	486.497   	
3.310738	102.09    	13.906652	486.927   	
3.294341	102.047   	13.825875	487.354   	
3.277901	102.004   	13.745112	487.78    	
3.261418	101.961   	13.664364	488.203   	
3.244892	101.919   	13.583630	488.624   	
3.228323	101.877   	13.502911	489.043   	
3.211711	101.835   	13.422206	489.46    	
3.195058	101.793   	13.341516	489.874   	
3.178362	101.752   	13.260839	490.286   	
3.161625	101.711   	13.180177	490.696   	
3.144846	101.67    	13.099529	491.104   	
3.128025	101.629   	13.018894	491.509   	
3.111163	101.588   	12.938274	491.912   	
3.094260	101.548   	12.857667	492.313   	
3.077316	101.508   	12.777074	492.712   	
3.060332	101.468   	12.696494	493.108   	
3.043306	101.428   	12.615928	493.502   	
3.026241	101.389   	12.535376	493.894   	
3.009135	101.35    	12.454836	494.283   	
2.991990	101.311   	12.374310	494.67    	
2.974805	101.272   	12.293798	495.055   	
2.957580	101.234   	12.213298	495.438   	
2.940317	101.195   	12.132811	495.818   	
2.923014	101.157   	12.052338	496.196   	
2.905672	101.119   	11.971877	496.572   	
2.888291	101.082   	11.891429	496.945   	
2.870872	101.045   	11.810993	497.316   	
2.853415	101.007   	11.730570	497.685   	
2.835920	100.971   	11.650160	498.051   	
2.818387	100.934   	11.569762	498.415   	
2.800816	100.898   	11.489377	498.777   	
2.783208	100.861   	11.409003	499.137   	
2.765563	100.825   	11.328642	499.494   	
2.747881	100.79    	11.248294	499.848   	
2.730162	100.754   	11.167957	500.201   	
2.712407	100.719   	11.087632	500.551   	
2.694615	100.684   	11.007319	500.899   	
2.676787	100.649   	10.927017	501.244   	
2.658923	100.615   	10.846728	501.587   	
2.641024	100.581   	10.766450	501.928   	
2.623089	100.546   	10.686183	502.266   	
2.605119	100.513   	10.605928	502.602   	
2.587114	100.479   	10.525684	502.936   	
2.569074	100.446   	10.445452	503.267   	
2.551000	100.413   	10.365231	503.596   	
2.532891	100.38    	10.285020	503.922   	
2.514749	100.347   	10.204821	504.246   	
2.496572	100.315   	10.124633	504.568   	
2.478362	100.283   	10.044456	504.887   	
2.460118	100.251   	9.964289	505.204   	
2.441841	100.219   	9.884133	505.518   	
2.423531	100.188   	9.803988	505.831   	
2.405189	100.157   	9.723853	506.14    	
2.386814	100.126   	9.643729	506.448   	
2.368407	100.095   	9.563615	506.752   	
2.349967	100.065   	9.483511	507.055   	
2.331496	100.034   	9.403418	507.355   	
2.312994	100.005   	9.323334	507.653   	
2.294460	99.9748   	9.243261	507.948   	
2.275895	99.9454   	9.163197	508.241   	
2.257299	99.9161   	9.083144	508.531   	
2.238672	99.8872   	9.003100	508.819   	
2.220016	99.8584   	8.923066	509.105   	
2.201329	99.83     	8.843041	509.388   	
2.182612	99.8017   	8.763026	509.668   	
2.163865	99.7737   	8.683020	509.947   	
2.145090	99.746    	8.603024	510.222   	
2.126284	99.7185   	8.523037	510.496   	
2.107451	99.6912   	8.443059	510.767   	
2.088588	99.6642   	8.363090	511.035   	
2.069697	99.6374   	8.283130	511.301   	
2.050778	99.6109   	8.203179	511.565   	
2.031830	99.5847   	8.123237	511.826   	
2.012856	99.5586   	8.043304	512.084   	
1.993853	99.5329   	7.963379	512.341   	
1.974824	99.5073   	7.883463	512.594   	
1.955767	99.4821   	7.803556	512.845   	
1.936684	99.457    	7.723656	513.094   	
1.917574	99.4323   	7.643766	513.341   	
1.898439	99.4077   	7.563883	513.584   	
1.879277	99.3834   	7.484009	513.826   	
1.860089	99.3594   	7.404142	514.065   	
1.840876	99.3356   	7.324284	514.301   	
1.821638	99.3121   	7.244433	514.535   	
1.802375	99.2888   	7.164590	514.766   	
1.783088	99.2658   	7.084755	514.995   	
1.763776	99.243    	7.004928	515.222   	
1.744439	99.2205   	6.925108	515.445   	
1.725079	99.1982   	6.845296	515.667   	
1.705695	99.1762   	6.765491	515.886   	
1.686288	99.1544   	6.685693	516.102   	
1.666858	99.1329   	6.605903	516.316   	
1.647404	99.1116   	6.526120	516.528   	
1.627928	99.0906   	6.446344	516.737   	
1.608430	99.0698   	6.366574	516.943   	
1.588910	99.0493   	6.286812	517.147   	
1.569367	99.029    	6.207056	517.348   	
1.549804	99.009    	6.127307	517.547   	
1.530219	98.9893   	6.047565	517.744   	
1.510612	98.9698   	5.967829	517.937   	
1.490986	98.9505   	5.888100	518.129   	
1.471338	98.9315   	5.808377	518.317   	
1.451670	98.9128   	5.728661	518.504   	
1.431983	98.8943   	5.648950	518.688   	
1.412275	98.876    	5.569246	518.869   	
1.392548	98.8581   	5.489547	519.047   	
1.372802	98.8403   	5.409855	519.224   	
1.353037	98.8229   	5.330169	519.397   	
1.333253	98.8057   	5.250488	519.568   	
1.313451	98.7887   	5.170813	519.737   	
1.293631	98.772    	5.091143	519.903   	
1.273793	98.7555   	5.011479	520.066   	
1.253937	98.7393   	4.931821	520.227   	
1.234064	98.7234   	4.852167	520.386   	
1.214174	98.7077   	4.772519	520.542   	
1.194267	98.6923   	4.692877	520.695   	
1.174344	98.6771   	4.613239	520.846   	
1.154404	98.6622   	4.533606	520.994   	
1.134449	98.6476   	4.453978	521.14    	
1.114477	98.6332   	4.374355	521.283   	
1.094491	98.619    	4.294737	521.423   	
1.074489	98.6051   	4.215123	521.561   	
1.054472	98.5915   	4.135514	521.697   	
1.034441	98.5781   	4.055910	521.83    	
1.014395	98.565    	3.976310	521.96    	
0.994336	98.5522   	3.896714	522.088   	
0.974262	98.5396   	3.817122	522.213   	
0.954175	98.5272   	3.737534	522.336   	
0.934075	98.5152   	3.657951	522.456   	
0.913962	98.5033   	3.578371	522.573   	
0.893836	98.4918   	3.498796	522.688   	
0.873698	98.4805   	3.419224	522.801   	
0.853548	98.4694   	3.339656	522.91    	
0.833386	98.4586   	3.260091	523.018   	
0.813212	98.4481   	3.180530	523.122   	
0.793027	98.4378   	3.100973	523.224   	
0.772831	98.4278   	3.021419	523.324   	
0.752624	98.418    	2.941868	523.421   	
0.732407	98.4085   	2.862320	523.515   	
0.712180	98.3993   	2.782775	523.607   	
0.691942	98.3903   	2.703234	523.696   	
0.671695	98.3816   	2.623695	523.783   	
0.651439	98.3731   	2.544159	523.867   	
0.631174	98.3649   	2.464626	523.949   	
0.610900	98.357    	2.385096	524.028   	
0.590618	98.3493   	2.305568	524.104   	
0.570327	98.3419   	2.226043	524.178   	
0.550028	98.3347   	2.146520	524.249   	
0.529722	98.3278   	2.066999	524.317   	
0.509408	98.3212   	1.987481	524.383   	
0.489088	98.3148   	1.907965	524.447   	
0.468760	98.3087   	1.828451	524.508   	
0.448426	98.3028   	1.748939	524.566   	
0.428086	98.2972   	1.669429	524.622   	
0.407739	98.2919   	1.589920	524.675   	
0.387387	98.2868   	1.510414	524.725   	
0.367030	98.282    	1.430909	524.773   	
0.346668	98.2774   	1.351405	524.819   	
0.326301	98.2731   	1.271903	524.861   	
0.305929	98.2691   	1.192402	524.901   	
0.285553	98.2653   	1.112903	524.939   	
0.265173	98.2618   	1.033405	524.974   	
0.244789	98.2585   	0.953908	525.006   	
0.224402	98.2555   	0.874412	525.036   	
0.204012	98.2528   	0.794917	525.063   	
0.183619	98.2503   	0.715423	525.088   	
0.163223	98.2481   	0.635929	525.11    	
0.142825	98.2461   	0.556437	525.129   	
0.122425	98.2444   	0.476945	525.146   	
0.102024	98.243    	0.397453	525.161   	
0.081621	98.2418   	0.317962	525.172   	
0.061216	98.2409   	0.238471	525.181   	
0.040811	98.2403   	0.158981	525.188   	
0.020406	98.2399   	0.079490	525.192   	
0.000000	98.2397   	0.000000	525.193   	
