0 0 1777 2.33737 2.33737
1 1 1814 0.437928 0.437928
2 4 1775 2.37742 2.37742
3 5 1815 0.346846 0.346846
0 6.94694e-310 0
0 0 1777 2.3377 2.33737
1 1 1814 0.43799 0.437928
2 4 1775 2.37776 2.37742
3 5 1815 0.346895 0.346846
1 -0.00885632 0.0168411
0 0 1777 2.3377 2.33737
1 1 1814 0.43799 0.437928
2 4 1775 2.37776 2.37742
3 5 1815 0.346895 0.346846
2 -0.00904367 0.0168422
0 0 1777 2.33737 2.33737
1 1 1814 0.437928 0.437928
2 4 1775 2.37742 2.37742
3 5 1815 0.346846 0.346846
0 -0.00904369 0
0 0 1777 2.34084 2.33737
1 1 1814 0.438578 0.437928
2 4 1775 2.38095 2.37742
3 5 1815 0.347361 0.346846
1 0.668301 -0.0544984
0 0 1777 2.34085 2.33737
1 1 1814 0.43858 0.437928
2 4 1775 2.38096 2.37742
3 5 1815 0.347363 0.346846
2 0.667345 -0.0545927
0 0 1777 2.33737 2.33737
1 1 1814 0.437928 0.437928
2 4 1775 2.37742 2.37742
3 5 1815 0.346846 0.346846
0 0.667342 0
0 0 1777 2.33742 2.33737
1 1 1814 0.437938 0.437928
2 4 1775 2.37747 2.37742
3 5 1815 0.346854 0.346846
1 0.139849 0.00664385
0 0 1777 2.33742 2.33737
1 1 1814 0.437938 0.437928
2 4 1775 2.37747 2.37742
3 5 1815 0.346854 0.346846
2 0.139823 0.00664379
0 0 1777 2.33737 2.33737
1 1 1814 0.437928 0.437928
2 4 1775 2.37742 2.37742
3 5 1815 0.346846 0.346846
0 0.139823 0
0 0 1777 2.34226 2.33737
1 1 1814 0.438844 0.437928
2 4 1775 2.38239 2.37742
3 5 1815 0.347571 0.346846
1 0.817006 -0.0646956
0 0 1777 2.34228 2.33737
1 1 1814 0.438848 0.437928
2 4 1775 2.38241 2.37742
3 5 1815 0.347575 0.346846
2 0.81597 -0.0648498
0 0 1777 2.33737 2.33737
1 1 1814 0.437928 0.437928
2 4 1775 2.37742 2.37742
3 5 1815 0.346846 0.346846
0 0.815965 0
0 0 1777 2.34346 2.33737
1 1 1814 0.439068 0.437928
2 4 1775 2.38361 2.37742
3 5 1815 0.347749 0.346846
1 1.56127 0.0721996
0 0 1777 2.34348 2.33737
1 1 1814 0.439073 0.437928
2 4 1775 2.38364 2.37742
3 5 1815 0.347753 0.346846
2 1.56192 0.072364
0 0 1777 2.33737 2.33737
1 1 1814 0.437928 0.437928
2 4 1775 2.37742 2.37742
3 5 1815 0.346846 0.346846
0 1.56192 0
0 0 1777 2.33737 2.33737
1 1 1814 0.437928 0.437928
2 4 1775 2.37742 2.37742
3 5 1815 0.346846 0.346846
1 2.23843 0.000860185
0 0 1777 2.33737 2.33737
1 1 1814 0.437928 0.437928
2 4 1775 2.37742 2.37742
3 5 1815 0.346846 0.346846
2 2.23843 0.000860182
0 0 1777 2.33737 2.33737
1 1 1814 0.437928 0.437928
2 4 1775 2.37742 2.37742
3 5 1815 0.346846 0.346846
0 2.23843 0
0 0 1777 2.34186 2.33737
1 1 1814 0.438769 0.437928
2 4 1775 2.38198 2.37742
3 5 1815 0.347512 0.346846
1 1.70998 0.0620024
0 0 1777 2.34187 2.33737
1 1 1814 0.438772 0.437928
2 4 1775 2.382 2.37742
3 5 1815 0.347514 0.346846
2 1.71074 0.0621041
0 0 1777 2.33737 2.33737
1 1 1814 0.437928 0.437928
2 4 1775 2.37742 2.37742
3 5 1815 0.346846 0.346846
0 1.71075 0
0 0 1777 2.33747 2.33737
1 1 1814 0.437947 0.437928
2 4 1775 2.37752 2.37742
3 5 1815 0.346861 0.346846
1 2.38714 -0.00933704
0 0 1777 2.33747 2.33737
1 1 1814 0.437947 0.437928
2 4 1775 2.37752 2.37742
3 5 1815 0.346861 0.346846
2 2.38718 -0.00933784
0 0 1777 2.33737 2.33737
1 1 1814 0.437928 0.437928
2 4 1775 2.37742 2.37742
3 5 1815 0.346846 0.346846
0 2.38718 0
0 0 1777 2.33825 2.33737
1 1 1814 0.438093 0.437928
2 4 1775 2.37831 2.37742
3 5 1815 0.346977 0.346846
1 0.237505 0.0274272
0 0 1777 2.33825 2.33737
1 1 1814 0.438093 0.437928
2 4 1775 2.37831 2.37742
3 5 1815 0.346977 0.346846
2 0.237101 0.0274342
0 0 1777 2.33737 2.33737
1 1 1814 0.437928 0.437928
2 4 1775 2.37742 2.37742
3 5 1815 0.346846 0.346846
0 0.237101 0
0 0 1777 2.33962 2.33737
1 1 1814 0.43835 0.437928
2 4 1775 2.37971 2.37742
3 5 1815 0.34718 0.346846
1 0.914662 -0.0439122
0 0 1777 2.33963 2.33737
1 1 1814 0.438351 0.437928
2 4 1775 2.37972 2.37742
3 5 1815 0.347181 0.346846
2 0.914279 -0.0439632
0 0 1777 2.33737 2.33737
1 1 1814 0.437928 0.437928
2 4 1775 2.37742 2.37742
3 5 1815 0.346846 0.346846
0 0.914278 0
0 0 1777 2.33772 2.33737
1 1 1814 0.437993 0.437928
2 4 1775 2.37777 2.37742
3 5 1815 0.346898 0.346846
1 0.386211 0.01723
0 0 1777 2.33772 2.33737
1 1 1814 0.437993 0.437928
2 4 1775 2.37777 2.37742
3 5 1815 0.346898 0.346846
2 0.386073 0.0172312
0 0 1777 2.33737 2.33737
1 1 1814 0.437928 0.437928
2 4 1775 2.37742 2.37742
3 5 1815 0.346846 0.346846
0 0.386073 0
0 0 1777 2.34079 2.33737
1 1 1814 0.438569 0.437928
2 4 1775 2.3809 2.37742
3 5 1815 0.347354 0.346846
1 1.06337 -0.0541094
0 0 1777 2.3408 2.33737
1 1 1814 0.438571 0.437928
2 4 1775 2.38091 2.37742
3 5 1815 0.347355 0.346846
2 1.063 -0.0542018
0 0 1777 2.33737 2.33737
1 1 1814 0.437928 0.437928
2 4 1775 2.37742 2.37742
3 5 1815 0.346846 0.346846
0 1.063 0
0 0 1777 2.34537 2.33737
1 1 1814 0.439426 0.437928
2 4 1775 2.38555 2.37742
3 5 1815 0.348033 0.346846
1 1.80764 0.0827858
0 0 1777 2.34542 2.33737
1 1 1814 0.439435 0.437928
2 4 1775 2.3856 2.37742
3 5 1815 0.34804 0.346846
2 1.80933 0.0830381
0 0 1777 2.33737 2.33737
1 1 1814 0.437928 0.437928
2 4 1775 2.37742 2.37742
3 5 1815 0.346846 0.346846
0 1.80934 0
0 0 1777 2.33752 2.33737
1 1 1814 0.437957 0.437928
2 4 1775 2.37758 2.37742
3 5 1815 0.346869 0.346846
1 2.48479 0.0114464
0 0 1777 2.33752 2.33737
1 1 1814 0.437957 0.437928
2 4 1775 2.37758 2.37742
3 5 1815 0.346869 0.346846
2 2.48487 0.0114465
0 0 1777 2.33737 2.33737
1 1 1814 0.437928 0.437928
2 4 1775 2.37742 2.37742
3 5 1815 0.346846 0.346846
0 2.48487 0
0 0 1777 2.34352 2.33737
1 1 1814 0.43908 0.437928
2 4 1775 2.38367 2.37742
3 5 1815 0.347759 0.346846
1 1.95634 0.0725886
0 0 1777 2.34355 2.33737
1 1 1814 0.439086 0.437928
2 4 1775 2.3837 2.37742
3 5 1815 0.347763 0.346846
2 1.95804 0.0727558
0 0 1777 2.33737 2.33737
1 1 1814 0.437928 0.437928
2 4 1775 2.37742 2.37742
3 5 1815 0.346846 0.346846
0 1.95804 0
0 0 1777 2.33737 2.33737
1 1 1814 0.437928 0.437928
2 4 1775 2.37742 2.37742
3 5 1815 0.346846 0.346846
1 2.6335 0.00124914
0 0 1777 2.33737 2.33737
1 1 1814 0.437928 0.437928
2 4 1775 2.37742 2.37742
3 5 1815 0.346846 0.346846
2 2.6335 0.00124913




0 2 1807 0.890244 0.890244
1 3 1790 1.74946 1.74946
2 6 1808 0.807067 0.807067
3 7 1793 1.63185 1.63185
0 6.94694e-310 0
0 2 1807 0.890278 0.890244
1 3 1790 1.74953 1.74946
2 6 1808 0.807098 0.807067
3 7 1793 1.63191 1.63185
1 -5.06646 0.00869958
0 2 1807 0.890278 0.890244
1 3 1790 1.74953 1.74946
2 6 1808 0.807098 0.807067
3 7 1793 1.63191 1.63185
2 -5.06651 0.00869956
0 2 1807 0.890244 0.890244
1 3 1790 1.74946 1.74946
2 6 1808 0.807067 0.807067
3 7 1793 1.63185 1.63185
0 -5.06651 0
0 2 1807 0.890396 0.890244
1 3 1790 1.74976 1.74946
2 6 1808 0.807205 0.807067
3 7 1793 1.63213 1.63185
1 -4.47516 -0.0184718
0 2 1807 0.890396 0.890244
1 3 1790 1.74976 1.74946
2 6 1808 0.807205 0.807067
3 7 1793 1.63213 1.63185
2 -4.47527 -0.0184765
0 2 1807 0.890244 0.890244
1 3 1790 1.74946 1.74946
2 6 1808 0.807067 0.807067
3 7 1793 1.63185 1.63185
0 -4.47527 0
0 2 1807 0.890701 0.890244
1 3 1790 1.75036 1.74946
2 6 1808 0.807481 0.807067
3 7 1793 1.63269 1.63185
1 -3.97257 -0.0320368
0 2 1807 0.890701 0.890244
1 3 1790 1.75036 1.74946
2 6 1808 0.807482 0.807067
3 7 1793 1.63269 1.63185
2 -3.97266 -0.0320579
0 2 1807 0.890244 0.890244
1 3 1790 1.74946 1.74946
2 6 1808 0.807067 0.807067
3 7 1793 1.63185 1.63185
0 -3.97266 0
0 2 1807 0.891803 0.890244
1 3 1790 1.75252 1.74946
2 6 1808 0.808481 0.807067
3 7 1793 1.63471 1.63185
1 -3.38126 -0.0592082
0 2 1807 0.891809 0.890244
1 3 1790 1.75254 1.74946
2 6 1808 0.808486 0.807067
3 7 1793 1.63472 1.63185
2 -3.38053 -0.0593277
0 2 1807 0.890244 0.890244
1 3 1790 1.74946 1.74946
2 6 1808 0.807067 0.807067
3 7 1793 1.63185 1.63185
0 -3.38053 0
0 2 1807 0.89058 0.890244
1 3 1790 1.75012 1.74946
2 6 1808 0.807372 0.807067
3 7 1793 1.63247 1.63185
1 -4.76403 0.0274923
0 2 1807 0.890581 0.890244
1 3 1790 1.75012 1.74946
2 6 1808 0.807372 0.807067
3 7 1793 1.63247 1.63185
2 -4.7644 0.0274992
0 2 1807 0.890244 0.890244
1 3 1790 1.74946 1.74946
2 6 1808 0.807067 0.807067
3 7 1793 1.63185 1.63185
0 -4.7644 0
0 2 1807 0.890244 0.890244
1 3 1790 1.74946 1.74946
2 6 1808 0.807067 0.807067
3 7 1793 1.63185 1.63185
1 -4.17273 0.00032091
0 2 1807 0.890244 0.890244
1 3 1790 1.74946 1.74946
2 6 1808 0.807067 0.807067
3 7 1793 1.63185 1.63185
2 -4.17273 0.00032091
0 2 1807 0.890244 0.890244
1 3 1790 1.74946 1.74946
2 6 1808 0.807067 0.807067
3 7 1793 1.63185 1.63185
0 -4.17273 0
0 2 1807 0.890322 0.890244
1 3 1790 1.74961 1.74946
2 6 1808 0.807138 0.807067
3 7 1793 1.632 1.63185
1 -3.67014 -0.0132442
0 2 1807 0.890322 0.890244
1 3 1790 1.74961 1.74946
2 6 1808 0.807138 0.807067
3 7 1793 1.632 1.63185
2 -3.67013 -0.0132461
0 2 1807 0.890244 0.890244
1 3 1790 1.74946 1.74946
2 6 1808 0.807067 0.807067
3 7 1793 1.63185 1.63185
0 -3.67013 0
0 2 1807 0.890971 0.890244
1 3 1790 1.75089 1.74946
2 6 1808 0.807726 0.807067
3 7 1793 1.63318 1.63185
1 -3.07883 -0.0404155
0 2 1807 0.890972 0.890244
1 3 1790 1.75089 1.74946
2 6 1808 0.807727 0.807067
3 7 1793 1.63319 1.63185
2 -3.07825 -0.0404559
0 2 1807 0.890244 0.890244
1 3 1790 1.74946 1.74946
2 6 1808 0.807067 0.807067
3 7 1793 1.63185 1.63185
0 -3.07825 0
0 2 1807 0.891766 0.890244
1 3 1790 1.75245 1.74946
2 6 1808 0.808447 0.807067
3 7 1793 1.63464 1.63185
1 -4.51849 0.0585057
0 2 1807 0.891771 0.890244
1 3 1790 1.75246 1.74946
2 6 1808 0.808451 0.807067
3 7 1793 1.63465 1.63185
2 -4.51972 0.0585903
0 2 1807 0.890244 0.890244
1 3 1790 1.74946 1.74946
2 6 1808 0.807067 0.807067
3 7 1793 1.63185 1.63185
0 -4.51972 0
0 2 1807 0.890681 0.890244
1 3 1790 1.75032 1.74946
2 6 1808 0.807463 0.807067
3 7 1793 1.63265 1.63185
1 -3.92719 0.0313344
0 2 1807 0.890681 0.890244
1 3 1790 1.75032 1.74946
2 6 1808 0.807464 0.807067
3 7 1793 1.63265 1.63185
2 -3.92725 0.0313453
0 2 1807 0.890244 0.890244
1 3 1790 1.74946 1.74946
2 6 1808 0.807067 0.807067
3 7 1793 1.63185 1.63185
0 -3.92725 0
0 2 1807 0.890385 0.890244
1 3 1790 1.74974 1.74946
2 6 1808 0.807195 0.807067
3 7 1793 1.63211 1.63185
1 -3.4246 0.0177693
0 2 1807 0.890385 0.890244
1 3 1790 1.74974 1.74946
2 6 1808 0.807195 0.807067
3 7 1793 1.63211 1.63185
2 -3.42454 0.0177707
0 2 1807 0.890244 0.890244
1 3 1790 1.74946 1.74946
2 6 1808 0.807067 0.807067
3 7 1793 1.63185 1.63185
0 -3.42454 0
0 2 1807 0.890283 0.890244
1 3 1790 1.74954 1.74946
2 6 1808 0.807103 0.807067
3 7 1793 1.63192 1.63185
1 -2.83329 -0.00940205
0 2 1807 0.890283 0.890244
1 3 1790 1.74954 1.74946
2 6 1808 0.807103 0.807067
3 7 1793 1.63192 1.63185
2 -2.83325 -0.00940287
0 2 1807 0.890244 0.890244
1 3 1790 1.74946 1.74946
2 6 1808 0.807067 0.807067
3 7 1793 1.63185 1.63185
0 -2.83325 0
0 2 1807 0.8929 0.890244
1 3 1790 1.75468 1.74946
2 6 1808 0.809475 0.807067
3 7 1793 1.63672 1.63185
1 -4.21606 0.0772984
0 2 1807 0.892914 0.890244
1 3 1790 1.75471 1.74946
2 6 1808 0.809487 0.807067
3 7 1793 1.63675 1.63185
2 -4.21731 0.077502
0 2 1807 0.890244 0.890244
1 3 1790 1.74946 1.74946
2 6 1808 0.807067 0.807067
3 7 1793 1.63185 1.63185
0 -4.21731 0
0 2 1807 0.891362 0.890244
1 3 1790 1.75166 1.74946
2 6 1808 0.808081 0.807067
3 7 1793 1.6339 1.63185
1 -3.62476 0.0501271
0 2 1807 0.891364 0.890244
1 3 1790 1.75166 1.74946
2 6 1808 0.808083 0.807067
3 7 1793 1.63391 1.63185
2 -3.62454 0.0501786
0 2 1807 0.890244 0.890244
1 3 1790 1.74946 1.74946
2 6 1808 0.807067 0.807067
3 7 1793 1.63185 1.63185
0 -3.62454 0
0 2 1807 0.890839 0.890244
1 3 1790 1.75063 1.74946
2 6 1808 0.807606 0.807067
3 7 1793 1.63294 1.63185
1 -3.12217 0.036562
0 2 1807 0.89084 0.890244
1 3 1790 1.75063 1.74946
2 6 1808 0.807607 0.807067
3 7 1793 1.63294 1.63185
2 -3.12172 0.0365804
0 2 1807 0.890244 0.890244
1 3 1790 1.74946 1.74946
2 6 1808 0.807067 0.807067
3 7 1793 1.63185 1.63185
0 -3.12172 0
0 2 1807 0.890283 0.890244
1 3 1790 1.74954 1.74946
2 6 1808 0.807103 0.807067
3 7 1793 1.63192 1.63185
1 -2.53087 0.00939063
0 2 1807 0.890283 0.890244
1 3 1790 1.74954 1.74946
2 6 1808 0.807103 0.807067
3 7 1793 1.63192 1.63185
2 -2.53081 0.00939064
Number of Tracks=2
EventNumber = 10
FDC0 Check Data
 Printing Raw Info:
Layer = 0 wireid = 15 TDC = 1777 nhit of layer =1
Layer = 4 wireid = 15 TDC = 1775 nhit of layer =1
Layer = 1 wireid = 16 TDC = 1814 nhit of layer =1
Layer = 5 wireid = 16 TDC = 1815 nhit of layer =1
Layer = 2 wireid = 16 TDC = 1807 nhit of layer =1
Layer = 6 wireid = 16 TDC = 1808 nhit of layer =1
Layer = 3 wireid = 15 TDC = 1790 nhit of layer =1
Layer = 7 wireid = 15 TDC = 1793 nhit of layer =1
Printing Track Info:
Layer = 0 Wire =   15 Drift length=  2.33737 xypos=  2.33737 zpos=    -27.6 Residue dxy = -0.122682
Layer = 1 Wire =   16 Drift length= 0.437928 xypos=  2.06207 zpos=   -22.69 Residue dxy =  0.156842
Layer = 4 Wire =   15 Drift length=  2.37742 xypos=  2.37742 zpos=     8.91 Residue dxy = -0.131325
Layer = 5 Wire =   16 Drift length= 0.346846 xypos=  2.15315 zpos=    13.82 Residue dxy = 0.0971652


Layer = 2 Wire =   16 Drift length= 0.890244 xypos= -4.10976 zpos=   -15.33 Residue dxy = -0.0678904
Layer = 3 Wire =   15 Drift length=  1.74946 xypos= -4.24946 zpos=   -10.42 Residue dxy =  0.073389
Layer = 6 Wire =   16 Drift length= 0.807067 xypos= -4.19293 zpos=    21.18 Residue dxy =  0.027003
Layer = 7 Wire =   15 Drift length=  1.63185 xypos= -4.13185 zpos=    26.09 Residue dxy = -0.0325017

