0	0	0.0671319	-2.77806e-05	6.51741e-09
0	1	0.0721692	-3.00585e-05	7.6893e-09
0	2	0.06258		-1.7432e-05	3.55297e-09
0	3	0.0738283	-3.10869e-05	8.63264e-09
0	4	0.0685567	-2.54381e-05	6.19912e-09
0	5	0.0636728	-2.39861e-05	5.84325e-09
0	6	0.0661762	-2.45978e-05	6.1839e-09
1	0	0.0521654	-1.73744e-05	3.30089e-09
1	1	0.0636311	-2.3975e-05	5.8057e-09
1	2	0.0710393	-3.11696e-05	7.73073e-09
1	3	0.0841045	-4.23992e-05	1.30013e-08
1	4	0.0643774	-2.59511e-05	5.61525e-09
1	5	0.0512665	-1.53216e-05	2.93953e-09
1	6	0.0649255	-2.70133e-05	5.86886e-09

