3                   67.7458             16.5513             99.9876             
4                   117.752             29.2685             97.0039             
5                   139.014             -2.29648            95.8037             
6                   134.688             -8.50743            96.0866             
7                   151.224             19.6626             96.6485             
8                   367.298             -1.21458            89.3197             
9                   792.705             18.1266             83.1391             
10                  548.307             -29.7742            84.2562             
11                  264.708             -30.4968            93.7794             
12                  556.233             -15.5965            87.6196             
13                  656.598             -11.8823            80.2546             
14                  127.727             14.3817             105.013             
15                  92.2511             -3.95753            118.33              
16                  102.507             14.1392             119.629             
17                  108.365             -10.969             124.49              
18                  127.532             -14.7024            125.149             
19                  146.241             -72.3259            128.013             
20                  153.659             6.77106             130.395             
21                  152.578             -26.8801            131.746             
22                  157.555             -13.2378            139.988             
23                  201.785             -7.66509            135.282             
24                  259.116             -96.3               24.9044             
25                  126.016             -195.006            37.8203             
26                  163.288             -116.002            39.6101             
27                  186.19              -161.824            44.653              
28                  185.168             -80.6823            48.4426             
29                  159.667             -142.815            47.6552             
30                  168.301             -149.817            46.0988             
31                  157.683             -177.939            47.9294             
32                  127.949             -121.554            47.2798             
33                  88.5648             -151.435            47.2874             
