3                   62.053              16.8884             102.268             
4                   86.3757             29.6322             105.098             
5                   96.9051             -1.57582            103.957             
6                   105.868             -9.20993            102.075             
7                   109.716             18.6675             101.714             
8                   133.562             2.20305             100.241             
9                   213.603             19.2408             95.9531             
10                  250.379             -28.5088            95.4146             
11                  722.349             -28.6389            84.9465             
12                  621.141             -13.2381            80.294              
13                  570.391             -9.27848            82.6935             
14                  287.544             14.4993             83.035              
15                  116.469             -2.43294            102.957             
16                  129.675             17.4311             102.632             
17                  180.664             -10.2079            95.9638             
18                  185.731             -12.5894            94.7431             
19                  120.064             -68.1773            108.614             
20                  121.188             9.86259             105.698             
21                  227.276             -21.421             95.6728             
22                  377.914             -7.37507            81.0725             
23                  887.644             -6.77391            68.572              
24                  55.6894             -100.915            45.8573             
25                  32.3119             -193.39             50.328              
26                  24.3871             -117.443            49.6928             
