0                   10                  1000                455.108             
1                   10                  1000                416.811             
2                   10                  1000                461.954             
0                   10                  1000                455.108             
1                   10                  1000                416.811             
2                   10                  1000                461.954             
3                   10                  15.6418             127.57              
4                   13.3712             32.2309             129.848             
5                   16.6327             0.326417            124.741             
6                   18.783              -10.7427            123.311             
7                   19.4504             19.2805             125.404             
8                   21.3319             -2.89209            122.519             
9                   23.6225             15.2667             120.139             
10                  24.6469             -29.6055            123.847             
11                  25.666              -32.144             122.702             
12                  27.3678             -13.5468            119.732             
13                  29.0151             -8.05289            119.714             
14                  32.3673             14.64               115.463             
15                  35.2289             -3.07998            113.046             
16                  38.806              15.0105             111.766             
17                  44.771              -7.39755            107.014             
18                  50.6388             -14.8863            105.333             
19                  54.6332             -66.4076            108.45              
20                  58.6562             6.56677             103.361             
21                  62.3533             -24.9641            102.499             
22                  68.1677             -11.4431            100.009             
23                  87.4677             -8.31228            96.5627             
24                  103.678             -99.9218            39.6191             
25                  83.6618             -189.894            46.8324             
26                  153.995             -117.473            44.3358             
27                  375.217             -159.92             38.4501             
28                  780.235             -82.9908            34.5563             
29                  2526.58             -138.788            21.2973             
30                  10000               -146.699            14.5431             
31                  7772.47             -170.944            16.879              
32                  1535.56             -123.393            10.035              
33                  58.6836             -148.032            45.3905             
34                  33.8061             -165.099            51.1296             
35                  24.7839             -146.816            51.3622             
36                  17.0486             -104.723            54.9366             
37                  10.5773             -96.0554            59.7004             
38                  10                  -102.904            49.9897             
39                  10                  -1000               499.589             
