0    0    84.8626
0    1    98.2498
0    2    106.254
0    3    113.194
0    4    79.1879
0    5    69.5186
0    6    87.2257
1    0    82.0439
1    1    98.593
1    2    90.6989
1    3    103.107
1    4    97.09
1    5    103.343
1    6    107.046
2    0    93.1558
2    1    98.7058
2    2    95.0697
2    3    92.1376
2    4    112.406
2    5    123.912
2    6    80.5577
3    0    83.3809
3    1    112.127
3    2    101.797
3    3    109.269
3    4    90.7896
3    5    87.6659
3    6    79.2955
