15                  17                  17.6216             1212.97             8.49325             
15                  18                  17.7569             1210.92             9.39551             
15                  19                  19.2582             1213.16             9.91938             
15                  20                  20.425              1213.16             9.24388             
15                  21                  17.4368             1211.91             11.1686             
15                  22                  18.0499             1211.92             8.93889             
15                  23                  18.9384             1210.88             9.28487             

16                  16                  53.1118             1212.43             7.86993             
16                  17                  165.58              1213.4              8.05822             
16                  18                  198.236             1214.09             7.96235             
16                  19                  213.661             1214.76             7.98685             
16                  20                  204.032             1214.95             8.18287             
16                  21                  203.691             1214.4              8.12024             
16                  22                  185.138             1213.28             8.10766             
16                  23                  179.69              1211.49             8.02367             
16                  24                  140.956             1209.33             8.3904              

17                  16                  88.4529             1213.39             7.6413              
17                  17                  253.218             1213.17             7.74545             
17                  18                  326.803             1213.69             7.64115             
17                  19                  316.854             1213.67             7.89133             
17                  20                  334.282             1213.72             7.7056              
17                  21                  336.302             1213.65             7.78123             
17                  22                  303.02              1212.62             7.89013             
17                  23                  270.59              1211.09             8.01271             
17                  24                  220.317             1209.11             8.23019             

18                  16                  78.8381             1215.17             8.25221             
18                  17                  259.934             1214.56             7.64847             
18                  18                  302.376             1213.95             7.89332             
18                  19                  333.215             1214.05             7.64628             
18                  20                  333.857             1213.82             7.56733             
18                  21                  313.426             1213.38             7.70303             
18                  22                  294.796             1212.59             7.93488             
18                  23                  261.526             1211.09             7.88831             
18                  24                  213.696             1209.28             7.95323             

19                  16                  68.7308             1216.31             8.04603             
19                  17                  216.677             1215.28             7.8547              
19                  18                  275.178             1214.43             7.48497             
19                  19                  286.059             1214.29             7.73129             
19                  20                  291.682             1214.12             7.89699             
19                  21                  270.817             1213.1              7.72753             
19                  22                  245.424             1212.19             7.96542             
19                  23                  213.229             1211.07             8.27293             
19                  24                  170.84              1209.45             7.94146             

20                  16                  45.8127             1216.12             8.1523              
20                  17                  170.191             1215.4              7.83222             
20                  18                  231.822             1214.65             7.44488             
20                  19                  230.791             1214.29             7.97297             
20                  20                  228.293             1213.98             7.98823             
20                  21                  223.407             1213.02             8.01127             
20                  22                  194.083             1212.27             8.1923              
20                  23                  150.295             1210.62             8.5238              
20                  24                  105.503             1208.83             8.70376             
20                  25                  70.873              1208.44             7.62849             

21                  16                  26.9206             1215.87             7.98097             
21                  17                  106.118             1215.65             8.21348             
21                  18                  133.416             1214.51             8.5497              
21                  19                  142.534             1213.42             8.65687             
21                  20                  152.816             1213.35             7.96716             
21                  21                  140.466             1211.79             8.07178             
21                  22                  111.374             1211.06             8.49845             
21                  23                  91.6087             1210.79             7.87096             
21                  24                  58.6344             1208.47             7.94592             
21                  25                  38.8189             1208.56             6.86878             
21                  26                  16.4916             1207.87             7.8431              

22                  17                  48.1642             1215.25             8.76416             
22                  18                  68.0317             1213.47             8.21389             
22                  19                  71.4365             1212.79             9.01779             
22                  20                  79.1243             1211.49             7.99036             
22                  21                  68.4452             1212.19             8.10211             
22                  22                  60.7917             1210.71             7.81583             
22                  23                  44.1509             1210.36             7.19644             
22                  24                  31.1996             1209.11             6.80415             
22                  25                  16.6689             1208.88             7.54293             

23                  18                  23.4835             1212.97             8.03851             
23                  19                  27.6521             1211.64             7.96866             
23                  20                  25.8484             1211.57             8.1127              
23                  21                  25.2964             1211.67             8.33926             
23                  22                  24.3392             1211.16             7.70169             
23                  23                  17.5814             1209.37             6.95808             
15                  16                  4.73061             1210.86             10.5148             
