15                  16                  42.8665             1344.82             9.00838             
15                  17                  123.191             1344.11             9.21323             
15                  18                  163.591             1345.25             9.13548             
15                  19                  159.384             1347.03             9.39014             
15                  20                  163.497             1347.94             9.33763             
15                  21                  158.262             1347.77             9.44103             
15                  22                  148.984             1347.79             9.58057             
15                  23                  144.517             1346.5              9.33418             
15                  24                  114.099             1346.35             9.68895             
15                  25                  90.7351             1345.4              9.17207             
15                  26                  55.4844             1344.72             8.94821             
15                  27                  20.1861             1343.31             8.99746             

16                  17                  14.7983             1343.2              9.34688             
16                  18                  12.6186             1343.9              11.833              
16                  19                  16.6976             1343.59             10.5723             
16                  20                  16.9111             1346.66             11.4899             
16                  21                  13.5322             1344.21             14.5683             
16                  22                  12.5532             1343.72             13.6068             
16                  23                  15.2323             1343.1              11.6746             
16                  24                  11.2009             1344.78             12.232              


14                  16                  64.1869             1345.04             9.04012             
14                  17                  206.119             1343.57             8.98129             
14                  18                  263.997             1344.22             8.72007             
14                  19                  264.931             1345.77             8.98785             
14                  20                  272.664             1346.25             9.02468             
14                  21                  271.546             1346.7              8.98128             
14                  22                  250.999             1346.85             8.95646             
14                  23                  217.823             1346.37             9.52675             
14                  24                  192.127             1345.13             9.11969             
14                  25                  130.855             1344.81             9.13293             
14                  26                  74.4892             1343.44             8.87757             
14                  27                  29.9793             1343.07             9.03496             

13                  16                  61.8833             1346.59             9.5982              
13                  17                  186.949             1344.49             9.11364             
13                  18                  240.625             1344.23             8.79943             
13                  19                  247.2               1345.21             8.86358             
13                  20                  248.307             1345.75             9.00337             
13                  21                  239.038             1345.66             9.18323             
13                  22                  231.441             1346.3              9.04276             
13                  23                  204.118             1345.05             9.13328             
13                  24                  159.042             1344.36             9.16501             
13                  25                  104.718             1343.65             9.20472             
13                  26                  55.9735             1343.94             9.12736             
13                  27                  23.7555             1343.35             7.71879             

12                  16                  38.4192             1347.35             9.57159             
12                  17                  155.281             1345.52             8.97084             
12                  18                  197.662             1344.56             8.74565             
12                  19                  220.575             1344.89             8.92463             
12                  20                  211.454             1345.42             9.0485              
12                  21                  207.309             1345.44             9.0126              
12                  22                  179.722             1344.98             9.2851              
12                  23                  148.888             1344.26             9.22125             
12                  24                  106.957             1343.7              9.08505             
12                  25                  70.8435             1342.97             9.23296             
12                  26                  33.6535             1343.79             9.34941             
12                  27                  12.977              1342.76             7.93682             

11                  16                  26.4289             1346.87             10.0418             
11                  17                  100.961             1345.92             9.11039             
11                  18                  147.219             1344.49             8.90656             
11                  19                  151.879             1344.24             9.55035             
11                  20                  151.987             1344.78             9.18904             
11                  21                  146.511             1344.71             9.08661             
11                  22                  122.089             1344.72             9.17062             
11                  23                  88.7942             1343.36             9.61095             
11                  24                  64.2927             1343                9.44205             
11                  25                  32.1515             1342.27             9.70171             
11                  26                  22.4371             1344.32             7.10157             

10                  16                  10.4931             1349.13             9.10788             
10                  17                  46.8786             1345.56             10.0157             
10                  18                  73.333              1344.38             9.60945             
10                  19                  88.0379             1344.4              9.39027             
10                  20                  82.4333             1343.57             9.54753             
10                  21                  71.002              1343.55             9.64669             
10                  22                  58.9115             1343.04             9.30143             
10                  23                  48.67               1342.62             8.5958              
10                  24                  26.1425             1342.27             9.68653             
10                  25                  19.9886             1343.03             7.77913             
10                  26                  7.12734             1343.34             9.52591             

9                   17                  16.4332             1346.27             9.11281             
9                   18                  28.32               1344.63             8.68927             
9                   19                  33.1235             1343.46             8.96287             
9                   20                  32.6421             1343.45             9.22791             
9                   21                  34.9679             1342.01             8.56561             
9                   22                  25.5759             1343.28             9.13155             
9                   23                  18.3469             1342.12             8.52235             
9                   24                  11.4852             1346.21             9.50432             

