8                   9                   7.02759             1182.05             7.2293              
8                   10                  14.3031             1182.05             5.09402             
8                   11                  8.07919             1183.76             9.06507             
8                   12                  12.8177             1185.02             8.00906             
8                   13                  11.634              1187.18             7.67871             
8                   14                  7.6425              1187.86             8.05144             
8                   15                  6.05608             1187.61             8.35384             

9                   8                   13.2144             1178.4              7.37068             
9                   9                   16.3289             1180.96             7.91296             
9                   10                  26.4103             1182.28             7.79913             
9                   11                  33.5473             1183.48             7.72934             
9                   12                  36.2124             1185.48             7.86789             
9                   13                  35.0628             1187.24             7.44035             
9                   14                  33.2076             1188.6              7.46193             
9                   15                  20.9313             1189.49             8.42824             
9                   16                  5.90861             1190.24             8.70243             

10                  6                   12.0667             1177.11             6.96323             
10                  7                   18.9625             1177.72             7.62275             
10                  8                   33.0148             1178.66             7.60825             
10                  9                   42.5122             1179.86             8.61344             
10                  10                  61.6156             1182.57             8.02917             
10                  11                  78.3905             1184.45             7.94912             
10                  12                  82.8342             1185.64             8.13052             
10                  13                  86.2593             1186.98             7.87218             
10                  14                  74.9108             1188.36             7.7764              
10                  15                  54.3977             1190.65             8.41738             
10                  16                  24.5579             1192.31             7.67392             

11                  6                   18.1166             1173.11             8.45181             
11                  7                   38.4162             1176.18             7.84889             
11                  8                   73.3266             1178.29             7.67816             
11                  9                   93.3599             1180.36             8.20525             
11                  10                  123.795             1182.9              7.8092              
11                  11                  132.136             1184.92             8.00379             
11                  12                  142.101             1186.38             7.80736             
11                  13                  146.406             1187.88             7.40865             
11                  14                  139.761             1188.65             7.56332             
11                  15                  122.643             1189.6              7.50241             
11                  16                  50.6367             1194.13             8.26449             

12                  5                   14.2807             1168.06             7.88099             
12                  6                   35.5613             1171.61             7.96328             
12                  7                   71.5874             1174.76             7.30297             
12                  8                   112.135             1177.81             7.60932             
12                  9                   134.953             1180.58             7.9219              
12                  10                  159.23              1183.2              8.22305             
12                  11                  184.584             1185.62             7.86096             
12                  12                  197.386             1187.36             7.58517             
12                  13                  191.297             1187.96             7.43731             
12                  14                  194.496             1188.39             7.30118             
12                  15                  165.628             1190.73             7.65731             
12                  16                  80.9579             1194.72             8.49946             

13                  5                   22.4729             1166.56             7.4499              
13                  6                   57.6613             1169.47             7.77748             
13                  7                   101.651             1173.78             7.87827             
13                  8                   149.118             1178.53             7.96673             
13                  9                   192.035             1181.06             7.7164              
13                  10                  207.339             1183.61             7.69822             
13                  11                  228.01              1185.61             7.69886             
13                  12                  236.721             1187.09             7.63244             
13                  13                  235.777             1187.95             7.46945             
13                  14                  219.823             1188.08             7.65502             
13                  15                  199.468             1190.64             7.54605             
13                  16                  102.609             1196.55             8.81444             

14                  4                   9.92288             1166.05             6.92715             
14                  5                   33.6232             1167.59             7.85669             
14                  6                   64.6099             1170.94             8.41741             
14                  7                   133.823             1175.83             7.99832             
14                  8                   169.436             1180.32             8.07757             
14                  9                   208.174             1182.61             8.11638             
14                  10                  233.029             1185.19             7.65864             
14                  11                  249.779             1186.93             7.58947             
14                  12                  265.774             1188.67             7.45582             
14                  13                  250.046             1189.3              7.44718             
14                  14                  240.158             1189.78             7.72277             
14                  15                  203.702             1191.23             8.21392             
14                  16                  116.671             1198.95             8.64733             

15                  5                   21.6056             1176.41             9.31969             
15                  6                   52.2362             1177.53             8.37309             
15                  7                   81.6469             1180.45             8.86704             
15                  8                   120.147             1184.99             8.24238             
15                  9                   128.568             1187.09             8.01309             
15                  10                  145.872             1187.8              7.99586             
15                  11                  150.172             1190.27             7.99092             
15                  12                  157.516             1191.02             7.73458             
15                  13                  149.281             1191.25             8.00313             
15                  14                  129.906             1194.08             8.79184             
15                  15                  105.871             1197.85             9.48379             
15                  16                  71.5072             1199.21             7.85436             


