11                  17                  21.7621             1790.52             10.856              
11                  18                  11.481              1798.68             14.5329             

12                  17                  48.3049             1779.77             10.8679             
12                  18                  45.3602             1786.34             11.8146             

13                  17                  65.9509             1770.93             10.2446             
13                  18                  82.7713             1774.35             10.5796             
13                  19                  32.1616             1782.19             12.8676             

14                  17                  86.0559             1761.78             9.18997             
14                  18                  113.458             1765.41             9.53408             
14                  19                  52.5544             1774.19             11.2122             
14                  20                  12.7888             1783.77             12.2691             

15                  17                  51.8375             1756.78             8.66581             
15                  18                  73.4358             1761.51             8.39758             
15                  19                  41.9387             1770.55             9.12296             
15                  20                  10.5056             1782.16             10.8487             
10                  17                  5.17948             1801.92             14.6194             
10                  18                  2.96138             1801.78             22.9663             
11                  17                  21.7621             1790.52             10.856              
11                  18                  11.481              1798.68             14.5329             
11                  19                  4.06753             1811.68             21.5726             
12                  17                  48.3049             1779.77             10.8679             
12                  18                  45.3602             1786.34             11.8146             
12                  19                  12.1998             1796.86             14.3697             
13                  17                  65.9509             1770.93             10.2446             
13                  18                  82.7713             1774.35             10.5796             
13                  19                  32.1616             1782.19             12.8676             
13                  20                  6.62712             1794.36             15.8913             
14                  17                  86.0559             1761.78             9.18997             
14                  18                  113.458             1765.41             9.53408             
14                  19                  52.5544             1774.19             11.2122             
14                  20                  12.7888             1783.77             12.2691             
15                  17                  51.8375             1756.78             8.66581             
15                  18                  73.4358             1761.51             8.39758             
15                  19                  41.9387             1770.55             9.12296             
15                  20                  10.5056             1782.16             10.8487             
