16                  16                  146.673             1724.36             8.2922              
16                  17                  160.94              1729.88             8.57704             
16                  18                  160.165             1735.19             8.73764             
16                  19                  130.365             1741.31             9.64113             
16                  20                  114.694             1746.66             9.36537             
16                  21                  106.599             1749.79             8.50648             
16                  22                  95.6455             1752.01             8.34133             
16                  23                  57.4462             1751.51             8.44284             
16                  24                  37.0579             1746.7              8.72195             
16                  25                  13.2139             1737.18             9.12958             

17                  16                  235.959             1727.3              8.79249             
17                  17                  245.831             1731.8              9.21978             
17                  18                  210.318             1737.99             10.3351             
17                  19                  184.317             1744.81             11.178              
17                  20                  160.308             1750.6              11.161              
17                  21                  140.463             1754.92             10.6889             
17                  22                  106.372             1757.28             10.6436             
17                  23                  68.4508             1757.27             11.8106             
17                  24                  45.9374             1753.17             11.5586             
17                  25                  18.1682             1747.54             11.897              

18                  16                  192.468             1733.33             9.75745             
18                  17                  205.256             1737.83             10.7281             
18                  18                  178.68              1745.13             12.1196             
18                  19                  147.452             1753.68             13.4444             
18                  20                  118.052             1760.48             14.2007             
18                  21                  102.372             1766.45             14.6003             
18                  22                  75.9053             1769.19             15.0763             
18                  23                  54.702              1770.95             14.9325             
18                  24                  28.9674             1767.44             16.2685             
18                  25                  11.4346             1759.62             12.9996             

19                  16                  148.191             1740.2              10.5371             
19                  17                  158.781             1746.09             11.6109             
19                  18                  124.683             1754.94             13.2098             
19                  19                  108.827             1763.11             15.1512             
19                  20                  83.012              1773.49             16.4892             
19                  21                  66.2795             1779.22             17.0097             
19                  22                  53.6598             1785.41             17.9812             
19                  23                  36.9309             1784.84             17.3252             
19                  24                  22.8457             1782.7              17.1183             

20                  16                  103.726             1747.59             11.4186             
20                  17                  99.045              1754.62             12.721              
20                  18                  84.9516             1763.32             14.5519             
20                  19                  67.6885             1776.11             17.0774             
20                  20                  58.1033             1785.43             16.8166             
20                  21                  48.6166             1795.12             16.0006             
20                  22                  35.9216             1799.79             16.5009             
20                  23                  23.9698             1801.19             17.1486             

21                  16                  59.3764             1752.86             10.5281             
21                  17                  57.2115             1760.77             13.2474             
21                  18                  41.9015             1772.66             16.5563             
21                  19                  38.9588             1786.23             17.0203             
21                  20                  31.523              1799.22             16.6764             
21                  21                  23.7046             1807.36             16.2424             
21                  22                  19.1266             1815.25             16.1336             
21                  23                  15.0621             1818.03             14.7236             

22                  16                  17.941              1757.33             11.8227             
22                  17                  23.1494             1767.52             13.2257             
22                  18                  19.4928             1780.12             16.497              
22                  19                  13.9929             1796.29             17.6168             
22                  20                  12.9109             1806.25             15.3435             
22                  21                  11.8174             1819.7              14.6626             
22                  22                  13.0258             1826.6              12.3252             
15                  16                  -875898             3.05524e+19         5                   
15                  16                  -875898             3.05524e+19         5                   
15                  16                  5.11647             1719.8              18.3612             
15                  16                  5.11647             1719.8              18.3612             
15                  17                  4.31644             1722.66             21.2589             
15                  18                  5.0149              1731.7              18.4898             
15                  19                  3.87486             561.723             288.569             
15                  20                  2.69295             1739.37             30.8739             
16                  15                  10.4977             1711.62             20.1883             
16                  16                  146.673             1724.36             8.2922              
16                  17                  160.94              1729.88             8.57704             
16                  18                  160.165             1735.19             8.73764             
16                  19                  130.365             1741.31             9.64113             
16                  20                  114.694             1746.66             9.36537             
16                  21                  106.599             1749.79             8.50648             
16                  22                  95.6455             1752.01             8.34133             
16                  23                  57.4462             1751.51             8.44284             
16                  24                  37.0579             1746.7              8.72195             
16                  25                  13.2139             1737.18             9.12958             

22                  16                  5.78415             1626.43             11.7018             
22                  28                  5.89775             1568.06             11.8213             
