9                   9                   12.4762             1738.4              8.95841             
9                   10                  15.8364             1740.89             7.67085             
9                   11                  12.4824             1736.48             11.2194             
9                   12                  14.4305             1730.87             10.1119             
9                   13                  18.3398             1729.02             8.22813             
9                   14                  14.3304             1726.72             9.31087             
9                   15                  14.4652             1725.89             7.33954             

10                  7                   10.9788             1731.68             10.9321             
10                  8                   18.1875             1733.9              10.4643             
10                  9                   24.2684             1735.48             10.2666             
10                  10                  31.799              1733.72             10.2328             
10                  11                  44.1256             1732.6              9.30543             
10                  12                  51.5372             1729.19             8.92811             
10                  13                  51.7128             1726.09             8.99293             
10                  14                  51.3998             1722.42             8.9801              
10                  15                  41.0358             1721.99             8.41565             
10                  16                  15.8845             1722.34             7.19604             

11                  6                   17.8148             1721.13             9.29407             
11                  7                   27.4375             1727.1              8.92213             
11                  8                   38.0132             1729.97             9.83165             
11                  9                   55.51               1729.79             9.71862             
11                  10                  72.1708             1729.7              9.08171             
11                  11                  84.5219             1728.06             9.46795             
11                  12                  98.6478             1725.32             9.27997             
11                  13                  110.269             1721.58             8.93347             
11                  14                  116.944             1718.95             8.24047             
11                  15                  103.561             1717.97             7.61218             
11                  16                  43.6478             1720.21             7.60955             

12                  5                   10.1088             1707.88             7.19628             
12                  6                   26.9304             1715.6              9.65647             
12                  7                   55.053              1720.52             9.48673             
12                  8                   77.8328             1724.08             8.83924             
12                  9                   101.668             1726.43             8.98117             
12                  10                  124.854             1725.34             8.89808             
12                  11                  130.131             1724.09             9.0787              
12                  12                  161.33              1721.05             8.56627             
12                  13                  172.408             1717.31             8.60533             
12                  14                  199.989             1714.59             7.51294             
12                  15                  187.042             1714.02             7.12673             
12                  16                  95.4826             1716.68             6.87957             

13                  5                   20.246              1703.98             8.55237             
13                  6                   41.9453             1710.63             9.12862             
13                  7                   75.7224             1716.68             8.73398             
13                  8                   117.811             1721.32             8.48525             
13                  9                   149.029             1722.39             8.16831             
13                  10                  196.98              1722.66             7.84863             
13                  11                  209.515             1719.98             8.03655             
13                  12                  228.675             1717.52             8.0901              
13                  13                  263.459             1713.45             7.50313             
13                  14                  272.717             1710.45             7.20721             
13                  15                  251.48              1710.21             6.79201             
13                  16                  122.993             1715.08             7.33934             

14                  5                   24.302              1703.54             7.28018             
14                  6                   58.9398             1709.19             8.1746              
14                  7                   92.8363             1717.16             8.40256             
14                  8                   138.881             1721.37             7.86089             
14                  9                   192.316             1722.52             7.63851             
14                  10                  216.219             1722.12             7.72323             
14                  11                  239.127             1719.89             7.96806             
14                  12                  251.303             1716.62             7.90968             
14                  13                  281.418             1713.37             7.40001             
14                  14                  285.552             1710.04             7.14029             
14                  15                  267.807             1709.21             6.86913             
14                  16                  124.114             1716.54             7.42785             

15                  5                   11.9804             1710.71             10.2632             
15                  6                   33.6039             1715.53             8.94164             
15                  7                   53.0039             1722.05             8.75159             
15                  8                   84.9097             1726.86             8.03562             
15                  9                   111.423             1727.46             7.68211             
15                  10                  126.641             1726.57             7.92938             
15                  11                  134.132             1724.06             8.24582             
15                  12                  136.795             1720.16             8.75153             
15                  13                  154.259             1716.47             7.64789             
15                  14                  141.553             1715.92             8.10332             
15                  15                  114.442             1716.58             8.6168              
15                  16                  65.8791             1717.3              7.72436             
8                   11                  4.35017             1735.91             10.4975             
8                   12                  2.78332             1730.46             25.3597             
9                   7                   3.71343             1734.98             11.8483             
9                   8                   7.89284             1737.7              9.32334             
9                   9                   12.4762             1738.4              8.95841             
9                   10                  15.8364             1740.89             7.67085             
9                   11                  12.4824             1736.48             11.2194             
9                   12                  14.4305             1730.87             10.1119             
9                   13                  18.3398             1729.02             8.22813             
9                   14                  14.3304             1726.72             9.31087             
9                   15                  14.4652             1725.89             7.33954             
10                  6                   6.61849             1726.57             10.8668             
10                  7                   10.9788             1731.68             10.9321             
10                  8                   18.1875             1733.9              10.4643             
10                  9                   24.2684             1735.48             10.2666             
10                  10                  31.799              1733.72             10.2328             
10                  11                  44.1256             1732.6              9.30543             
10                  12                  51.5372             1729.19             8.92811             
10                  13                  51.7128             1726.09             8.99293             
10                  14                  51.3998             1722.42             8.9801              
10                  15                  41.0358             1721.99             8.41565             
10                  16                  15.8845             1722.34             7.19604             
11                  6                   17.8148             1721.13             9.29407             
11                  7                   27.4375             1727.1              8.92213             
11                  8                   38.0132             1729.97             9.83165             
11                  9                   55.51               1729.79             9.71862             
11                  10                  72.1708             1729.7              9.08171             
11                  11                  84.5219             1728.06             9.46795             
11                  12                  98.6478             1725.32             9.27997             
11                  13                  110.269             1721.58             8.93347             
11                  14                  116.944             1718.95             8.24047             
11                  15                  103.561             1717.97             7.61218             
11                  16                  43.6478             1720.21             7.60955             
12                  5                   10.1088             1707.88             7.19628             
12                  6                   26.9304             1715.6              9.65647             
12                  7                   55.053              1720.52             9.48673             
12                  8                   77.8328             1724.08             8.83924             
12                  9                   101.668             1726.43             8.98117             
12                  10                  124.854             1725.34             8.89808             
12                  11                  130.131             1724.09             9.0787              
12                  12                  161.33              1721.05             8.56627             
12                  13                  172.408             1717.31             8.60533             
12                  14                  199.989             1714.59             7.51294             
12                  15                  187.042             1714.02             7.12673             
12                  16                  95.4826             1716.68             6.87957             
13                  5                   20.246              1703.98             8.55237             
13                  6                   41.9453             1710.63             9.12862             
13                  7                   75.7224             1716.68             8.73398             
13                  8                   117.811             1721.32             8.48525             
13                  9                   149.029             1722.39             8.16831             
13                  10                  196.98              1722.66             7.84863             
13                  11                  209.515             1719.98             8.03655             
13                  12                  228.675             1717.52             8.0901              
13                  13                  263.459             1713.45             7.50313             
13                  14                  272.717             1710.45             7.20721             
13                  15                  251.48              1710.21             6.79201             
13                  16                  122.993             1715.08             7.33934             
14                  4                   5.3877              1698.49             8.53666             
14                  5                   24.302              1703.54             7.28018             
14                  6                   58.9398             1709.19             8.1746              
14                  7                   92.8363             1717.16             8.40256             
14                  8                   138.881             1721.37             7.86089             
14                  9                   192.316             1722.52             7.63851             
14                  10                  216.219             1722.12             7.72323             
14                  11                  239.127             1719.89             7.96806             
14                  12                  251.303             1716.62             7.90968             
14                  13                  281.418             1713.37             7.40001             
14                  14                  285.552             1710.04             7.14029             
14                  15                  267.807             1709.21             6.86913             
14                  16                  124.114             1716.54             7.42785             
15                  5                   11.9804             1710.71             10.2632             
15                  6                   33.6039             1715.53             8.94164             
15                  7                   53.0039             1722.05             8.75159             
15                  8                   84.9097             1726.86             8.03562             
15                  9                   111.423             1727.46             7.68211             
15                  10                  126.641             1726.57             7.92938             
15                  11                  134.132             1724.06             8.24582             
15                  12                  136.795             1720.16             8.75153             
15                  13                  154.259             1716.47             7.64789             
15                  14                  141.553             1715.92             8.10332             
15                  15                  114.442             1716.58             8.6168              
15                  16                  65.8791             1717.3              7.72436             
