16                  17                  87.5017             1554.73             7.56457             
16                  18                  114.781             1555.31             7.57202             
16                  19                  67.6047             1558.82             7.90867             
16                  20                  16.7465             1563.18             8.23935             

17                  17                  131.138             1556.88             7.31384             
17                  18                  181.095             1554.44             6.77052             
17                  19                  97.0016             1557.19             7.71441             
17                  20                  17.7268             1563.64             10.3342             

18                  17                  116.881             1560.06             7.72941             
18                  18                  143.937             1558.44             7.63043             
18                  19                  49.745              1562.39             9.5325              

19                  17                  83.4633             1563.03             7.54502             
19                  18                  73.138              1563.54             9.05547             

20                  17                  36.6931             1564.5              8.97771             
20                  18                  23.9803             1568.95             10.6897             

21                  17                  12.7442             1569.52             9.97023             
16                  16                  1.7838              963.503             90.2455             
16                  17                  87.5017             1554.73             7.56457             
16                  18                  114.781             1555.31             7.57202             
16                  19                  67.6047             1558.82             7.90867             
16                  20                  16.7465             1563.18             8.23935             
17                  16                  2.83228             663.24              156.67              
17                  17                  131.138             1556.88             7.31384             
17                  18                  181.095             1554.44             6.77052             
17                  19                  97.0016             1557.19             7.71441             
17                  20                  17.7268             1563.64             10.3342             
18                  17                  116.881             1560.06             7.72941             
18                  18                  143.937             1558.44             7.63043             
18                  19                  49.745              1562.39             9.5325              
18                  20                  7.83691             1573.29             13.8637             
19                  17                  83.4633             1563.03             7.54502             
19                  18                  73.138              1563.54             9.05547             
19                  19                  17.2401             1570.16             14.8353             
20                  17                  36.6931             1564.5              8.97771             
20                  18                  23.9803             1568.95             10.6897             
20                  19                  4.83504             1582.61             20.4423             
21                  17                  12.7442             1569.52             9.97023             
21                  18                  5.22838             1574.55             15.3795             
