
15                  11                  7.62759             995.606             6.26107             
15                  12                  38.3526             992.301             7.4366              
15                  13                  113.317             991.165             6.57191             
15                  14                  225.255             992.077             6.04378             
15                  15                  216.985             994.242             6.54506             
15                  16                  62.0398             995.897             7.39165             

16                  11                  6.01848             994.386             7.66441             
16                  12                  40.5366             993.632             6.84194             
16                  13                  125.54              992.407             6.44315             
16                  14                  235.591             993.154             6.02215             
16                  15                  231.741             995.723             6.5507              
16                  16                  64.1822             997.26              7.2859              

17                  12                  35.8059             994.301             6.70124             
17                  13                  113.209             993.673             6.71079             
17                  14                  206.703             993.834             6.26702             
17                  15                  226.711             996.627             6.63493             
17                  16                  65.0945             998.773             7.40919             


18                  12                  24.9595             994.23              6.36437             
18                  13                  86.1204             993.915             6.47584             
18                  14                  175.592             994.506             6.38267             
18                  15                  202.736             996.682             6.75365             
18                  16                  56.644              999.254             7.88129             

19                  12                  14.0265             995.832             5.92946             
19                  13                  53.1572             993.913             6.87482             
19                  14                  119.169             994.034             6.67861             
19                  15                  165.588             996.804             6.62319             
19                  16                  54.1143             999.695             7.19171             

20                  13                  26.6826             994.338             6.65307             
20                  14                  65.5786             994.1               6.61183             
20                  15                  92.9609             995.827             7.14872             
20                  16                  38.6407             999.906             7.90003             

21                  13                  9.37114             994.595             6.74915             
21                  14                  26.9883             992.955             6.55502             
21                  15                  56.1261             995.31              6.70189             
21                  16                  24.6987             998.04              7.72748             

22                  15                  14.9633             994.701             8.64501             
22                  16                  10.0315             995.184             7.85449             

14                  12                  25.4825             989.719             7.65862             
14                  13                  89.6213             988.892             6.65841             
14                  14                  187.319             990.272             6.53139             
14                  15                  212.273             992.283             6.36769             
14                  16                  64.2409             994.512             7.4559              

13                  12                  20.2915             987.511             7.11949             
13                  13                  65.9788             986.81              6.60304             
13                  14                  139.151             987.54              6.52205             
13                  15                  165.199             989.874             6.75692             
13                  16                  56.125              992.61              6.92454             

12                  13                  31.4717             983.534             6.3076              
12                  14                  92.3302             984.383             6.42517             
12                  15                  128.693             986.518             6.46281             
12                  16                  44.3984             989.238             7.35699             

11                  13                  12.6212             979.749             6.62685             
11                  14                  43.0814             981.842             6.71257             
11                  15                  67.8174             983.728             6.29374             
11                  16                  27.5835             985.099             7.62891             

10                  14                  11.319              977.771             6.84361             
10                  15                  26.2474             979.344             6.46775             
10                  16                  13.7565             982.769             7.73011             

8                   15                  14.2263             817.225             7.70392             
15                  16                  62.0398             995.897             7.39165             
