16                  5                   20.0801             1710.13             8.74792             
16                  6                   47.375              1716.93             8.1435              
16                  7                   71.352              1721.68             8.39041             
16                  8                   104.648             1724.1              8.27577             
16                  9                   130.435             1723.12             8.10281             
16                  10                  152.396             1721.75             8.73419             
16                  11                  163.77              1718.3              9.12198             
16                  12                  178.948             1713.11             9.28882             
16                  13                  195.525             1707.53             9.07926             
16                  14                  208.549             1701.39             8.55952             
16                  15                  181.914             1696.18             8.04841             
16                  16                  115.742             1694.08             7.44663             

17                  5                   21.1552             1715.68             11.0777             
17                  6                   44.917              1723.37             11.8772             
17                  7                   86.8474             1727.72             10.576              
17                  8                   106.867             1730.47             10.5653             
17                  9                   146.565             1730.24             10.6235             
17                  10                  159.322             1729.14             11.2359             
17                  11                  193.601             1725.35             10.9677             
17                  12                  215.597             1718.68             10.6738             
17                  13                  241.6               1712.17             10.2052             
17                  14                  251.443             1704.83             9.70281             
17                  15                  243.863             1699.79             8.39162             
17                  16                  145.791             1698.53             7.69563             

18                  5                   15.2562             1725.98             12.8567             
18                  6                   32.5382             1735.05             14.7844             
18                  7                   53.6664             1741.3              14.7416             
18                  8                   77.0649             1744.76             14.2424             
18                  9                   97.6039             1745.5              14.7217             
18                  10                  119.876             1742.19             14.111              
18                  11                  146.219             1736.92             13.6334             
18                  12                  154.73              1729.73             13.6567             
18                  13                  190.2               1720.97             12.4031             
18                  14                  204.087             1713.1              11.1882             
18                  15                  202.758             1706.63             9.88159             
18                  16                  128.223             1704.61             8.3716              

19                  6                   21.8593             1749.32             16.4065             
19                  7                   35.6335             1756.77             15.5947             
19                  8                   63.8648             1760.93             15.5297             
19                  9                   68.2071             1761.04             16.0471             
19                  10                  88.9056             1757.24             15.4335             
19                  11                  97.7089             1750.28             15.3564             
19                  12                  116.951             1741.7              14.9                
19                  13                  133.39              1732.02             13.2775             
19                  14                  148.356             1722.9              11.9532             
19                  15                  151.709             1715.23             10.1074             
19                  16                  94.0452             1712.27             9.13274             

20                  6                   13.3914             1763.78             15.8109             
20                  7                   23.9777             1772.49             15.2645             
20                  8                   35.8348             1776.78             14.8379             
20                  9                   41.7952             1777.07             15.9014             
20                  10                  51.9354             1772.06             15.7845             
20                  11                  65.7635             1764.51             15.9887             
20                  12                  78.1145             1753.66             15.2777             
20                  13                  78.0909             1742.15             14.8642             
20                  14                  93.1712             1730.91             12.5925             
20                  15                  99.5331             1722.32             10.2828             
20                  16                  59.2963             1719.49             8.32442             

21                  7                   15.0558             1786.07             14.6101             
21                  8                   20.8786             1791.08             13.8221             
21                  9                   25.1104             1791.08             13.656              
21                  10                  32.2712             1784.84             14.5458             
21                  11                  36.2067             1777.55             16.5654             
21                  12                  41.2364             1765.37             16.6272             
21                  13                  47.9921             1751.25             15.4758             
21                  14                  52.131              1738.5              12.983              
21                  15                  48.5207             1728.2              10.8744             
21                  16                  27.3502             1724.09             8.55042             

22                  8                   10.3072             1799.37             11.4638             
22                  9                   11.0769             1802.33             12.7812             
22                  10                  14.7942             1795.81             12.7466             
22                  11                  16.0415             1785.72             14.3282             
22                  12                  16.8998             1772.5              16.7791             
22                  13                  14.6627             1757.24             17.0139             
22                  14                  16.3231             1743.9              14.6359             
22                  15                  13.4408             1733.19             10.3336             
