15                  22                  6.00157             1802.00             2.69817            
15                  23                  7.98533             1806.13             4.37882             
15                  24                  11.3282             1805.92             7.18483             
15                  25                  11.7138             1806.03             9.79274             
15                  26                  10.5336             1798.22             13.8188             
15                  27                  9.38017             1789.2              13.6785             
15                  28                  2.41174             1786.72             34.7438             
15                  29                  1.95608             2.93432e+07         5.03885e+07         
15                  30                  11.2811             1813.52             3.85146             
15                  31                  1.26235             12397.4             15590.2             
15                  20                  10                  1813                9                   
15                  21                  10                  1813                9                   
15                  22                  10                  1813                9                   
15                  23                  10                  1813                9                   
15                  24                  10                  1813                9                   
15                  25                  10                  1813                9                   
15                  26                  10                  1813                9                   
15                  27                  10                  1813                9                   
15                  28                  10                  1813                9                   
15                  29                  10                  1813                9                   
15                  30                  10                  1813                9                   
15                  31                  10                  1813                9                   
15                  20                  10                  1813                9                   
15                  21                  10                  1813                9                   
15                  22                  10                  1813                9                   
15                  23                  10                  1813                9                   
15                  24                  10                  1813                9                   
15                  25                  10                  1813                9                   
15                  26                  10                  1813                9                   
15                  27                  10                  1813                9                   
15                  28                  10                  1813                9                   
15                  29                  10                  1813                9                   
15                  30                  10                  1813                9                   
15                  31                  10                  1813                9                   
