1                   0                   0                   0                   0                   
1                   1                   0                   0                   0                   
1                   2                   0                   0                   0                   
1                   3                   0                   0                   0                   
1                   4                   0                   0                   0                   
1                   5                   0                   0                   0                   
1                   6                   0                   0                   0                   
1                   7                   0                   0                   0                   
1                   8                   0                   0                   0                   
1                   9                   0                   0                   0                   
1                   10                  0                   0                   0                   
1                   11                  0                   0                   0                   
1                   12                  0                   0                   0                   
1                   13                  0                   0                   0                   
1                   14                  0                   0                   0                   
1                   15                  0                   0                   0                   
1                   16                  1.51398             1048                15.3721             
1                   17                  1.00535             1047.3              101.974             
1                   18                  1.51398             1048                2.19601             
1                   19                  1.00535             1052.86             172.675             
4                   16                  1.29711             1054.18             0.249712            
4                   16                  1.29711             1054.18             0.249712            
4                   16                  1.29711             1054.18             0.249712            
5                   16                  1.00538             1034.38             67.9274             
