1                   0                   0                   0                   0                   
1                   1                   0                   0                   0                   
1                   2                   0                   0                   0                   
1                   3                   0                   0                   0                   
1                   4                   1.00503             968.406             49.825              
1                   5                   1.51398             960                 10.9801             
1                   6                   1.51398             968                 6.58804             
1                   7                   1.21556             962.748             30.3761             
1                   8                   1.45252             977.107             6.79081             
1                   9                   1.00502             970.313             86.5053             
1                   10                  64.0387             717.076             97.977              
1                   11                  17.5018             1312.01             152.402             
1                   12                  315.084             807.421             49.7023             
1                   13                  7.62825             821.548             84.2257             
1                   14                  1.00525             967.537             82.1336             
1                   15                  3.56016             980.148             3.67185             
1                   16                  1.00528             980.504             82.0918             
1                   17                  0                   0                   0                   
1                   18                  0                   0                   0                   
1                   19                  0                   0                   0                   
4                   16                  4.50902             989.221             8.23611             
4                   16                  4.50902             989.221             8.23611             
4                   16                  4.50902             989.221             8.23611             
5                   16                  3.88857             985.108             16.7519             
