15                  25                  1.40044             615.265             73.8334             
15                  26                  1.00503             524.541             157.223             
15                  27                  1.49893             954                 27.7864             
15                  28                  1.22769             1583.7              53.5359             
15                  29                  1.29682             1125.18             0.249619            
15                  30                  1.45353             873.233             0.268972            
15                  31                  0                   0                   0                   
15                  25                  1.00512             525.037             167.954             
15                  26                  1.45577             529.464             26.6096             
15                  27                  836.692             1140.83             129.966             
15                  28                  1.00519             627.144             281.72              
15                  29                  1.44508             1577.2              32.4419             
15                  30                  2.58598             1534.18             0.248033            
15                  31                  0                   0                   0                   
15                  25                  1.00512             525.037             167.954             
15                  26                  1.45577             529.464             26.6096             
15                  27                  836.692             1140.83             129.966             
15                  28                  1.00519             627.144             281.72              
15                  29                  1.44508             1577.2              32.4419             
15                  30                  2.58598             1534.18             0.248033            
15                  31                  0                   0                   0                   
15                  20                  -116619             1.67644e+23         5                   
15                  21                  -113137             2.44419e+20         5                   
15                  22                  -149666             1.54953e+22         5                   
15                  23                  -200000             1.70632e+20         5                   
15                  24                  -233238             3.11289e+19         5                   
15                  25                  -241661             2.1959e+23          5                   
15                  26                  -213542             5.8799e+19          5                   
15                  27                  -233238             1.60856e+22         5                   
15                  28                  -164924             3.15808e+22         5                   
15                  29                  -135647             5.8799e+19          5                   
15                  30                  -135647             3.11289e+19         5                   
15                  31                  0                   0                   0                   
15                  20                  10                  1813                9                   
15                  21                  78.1746             10644.7             3011.92             
15                  22                  11.7415             1812                4.50552             
15                  23                  25.3                1813                9.01065             
15                  24                  3.82062             41870               24501.5             
15                  25                  9.43085             1800.82             8.88545             
15                  26                  10                  1813                9                   
15                  27                  10                  1813                9                   
15                  28                  10                  1813                9                   
15                  29                  10                  1813                9                   
15                  30                  10                  1813                9                   
15                  31                  10                  1813                9                   
15                  20                  10                  1813                9                   
15                  21                  10                  1813                9                   
15                  22                  10                  1813                9                   
15                  23                  10                  1813                9                   
15                  24                  10                  1813                9                   
15                  25                  10                  1813                9                   
15                  26                  10                  1813                9                   
15                  27                  10                  1813                9                   
15                  28                  10                  1813                9                   
15                  29                  10                  1813                9                   
15                  30                  10                  1813                9                   
15                  31                  10                  1813                9                   
15                  20                  10                  1813                9                   
15                  21                  10                  1813                9                   
15                  22                  10                  1813                9                   
15                  23                  10                  1813                9                   
15                  24                  10                  1813                9                   
15                  25                  10                  1813                9                   
15                  26                  10                  1813                9                   
15                  27                  10                  1813                9                   
15                  28                  10                  1813                9                   
15                  29                  10                  1813                9                   
15                  30                  10                  1813                9                   
15                  31                  10                  1813                9                   
