15                  25                  1.29712             1177.18             0.249732            
15                  26                  1.27998             515.162             0.230645            
15                  27                  1.27998             515.162             0.230645            
15                  28                  0                   0                   0                   
15                  29                  1.29337             535.178             0.248183            
15                  30                  0                   0                   0                   
15                  31                  0                   0                   0                   
15                  25                  1.2795              1346.16             0.232596            
15                  26                  1.29236             586.177             0.247727            
15                  27                  1.29236             586.177             0.247727            
15                  28                  0                   0                   0                   
15                  29                  1.29338             534.178             0.248187            
15                  30                  0                   0                   0                   
15                  31                  0                   0                   0                   
15                  25                  1.2795              1346.16             0.232596            
15                  26                  1.29236             586.177             0.247727            
15                  27                  1.29236             586.177             0.247727            
15                  28                  0                   0                   0                   
15                  29                  1.29338             534.178             0.248187            
15                  30                  0                   0                   0                   
15                  31                  0                   0                   0                   
15                  20                  -63245.6            3.74838e+22         5                   
15                  21                  -63245.6            1.19535e+22         5                   
15                  22                  -48989.8            5.44179e+20         5                   
15                  23                  -48989.8            5.13557e+22         5                   
15                  24                  -63245.6            6.67034e+22         5                   
15                  25                  -48989.8            5.72587e+22         5                   
15                  26                  269                 6.92455e-310        5                   
15                  27                  260                 6.92455e-310        5                   
15                  28                  0                   0                   0                   
15                  29                  116                 6.92455e-310        5                   
15                  30                  0                   0                   0                   
15                  31                  0                   0                   0                   
15                  20                  10                  1813                9                   
15                  21                  10                  1813                9                   
15                  22                  10                  1813                9                   
15                  23                  10                  1813                9                   
15                  24                  10                  1813                9                   
15                  25                  10                  1813                9                   
15                  26                  10                  1813                9                   
15                  27                  10                  1813                9                   
15                  28                  10                  1813                9                   
15                  29                  10                  1813                9                   
15                  30                  10                  1813                9                   
15                  31                  10                  1813                9                   
15                  20                  10                  1813                9                   
15                  21                  10                  1813                9                   
15                  22                  10                  1813                9                   
15                  23                  10                  1813                9                   
15                  24                  10                  1813                9                   
15                  25                  10                  1813                9                   
15                  26                  10                  1813                9                   
15                  27                  10                  1813                9                   
15                  28                  10                  1813                9                   
15                  29                  10                  1813                9                   
15                  30                  10                  1813                9                   
15                  31                  10                  1813                9                   
15                  20                  10                  1813                9                   
15                  21                  10                  1813                9                   
15                  22                  10                  1813                9                   
15                  23                  10                  1813                9                   
15                  24                  10                  1813                9                   
15                  25                  10                  1813                9                   
15                  26                  10                  1813                9                   
15                  27                  10                  1813                9                   
15                  28                  10                  1813                9                   
15                  29                  10                  1813                9                   
15                  30                  10                  1813                9                   
15                  31                  10                  1813                9                   
