   0    0   0.0037500   0    0.040   3 
   0    1   0.0037500   0    0.040   3 
   0    2   0.0037500   0    0.040   2.5 
   0    3   0.0037500   0    0.040   7 
   0    4   0.0037500   0    0.033   10 
   0    5   0.0037500   0    0.040   3 
   0    6   0.0037500   0    0.040   3 
   1    0   0.0035000   1    0.037   11.5 
   1    1   0.0035000   1    0.037   12.5 
   1    2   0.0035000   1    0.037   16 
   1    3   0.0035000   1    0.037   20 
   1    4   0.0035000   1    0.037   20 
   1    5   0.0035000   1    0.037   20 
   1    6   0.0035000   1    0.037   10 


