	1	1	1.04974	0.0451682	77.0693	62.4059
	1	4	0	0	0	0
	1	5	0.958647	0.0279674	9.50152	35.6426
	1	6	0.99258	0.0385326	52.6072	44.1995
	1	7	0	0	0	0
	1	8	0	0	0	0
	1	9	0.960135	0.0311214	17.8833	31.9392
	1	10	0	0	0	0
	1	11	0	0	0	0
	1	12	0	0	0	0
	1	13	0	0	0	0
	1	14	0.915745	0.00560348	78.8396	7.02386
	1	15	0	0	0	0
	1	16	0.807642	0.025296	92.0145	27.551
	1	17	0.890229	0.00830102	12.6157	10.4788
	1	18	0	0	0	0
	1	19	0	0	0	0
	1	20	0.889689	0.025723	22.922	27.2864
	1	21	0.866732	0.0210715	65.2763	27.7882
	1	22	0	0	0	0
	1	23	0	0	0	0
	1	24	0.960936	0.032042	6.18962	39.2394
	1	25	0.84097	0.0272702	47.182	35.8267
	1	26	0	0	0	0
	1	27	0	0	0	0
	1	28	0	0	0	0
	1	29	0.863858	0.0212471	42.0333	23.6372
	1	30	0.851687	0.0288154	89.214	38.9734
	1	31	1.1009	0.0271158	-242.446	43.518
	2	3	1.05631	0.0240743	-144.663	34.7393
	2	5	0.963127	0.015735	-49.7823	22.3112
	2	6	1.02797	0.00144275	-55.8919	1.58907
	2	7	1.13589	0.0278449	-182.316	42.115
	2	8	0.936843	0.00199416	-35.7004	2.49839
	2	9	0.954653	0.00134923	-33.4306	1.73267
	2	10	0.935281	0.00169703	-43.0236	2.1837
	2	11	0.950267	0.00134192	-42.9275	1.55783
	2	12	0.92688	0.00136494	-44.3833	1.48849
	2	13	0.950657	0.00127443	-26.1714	1.54368
	2	14	0.981835	0.00112333	-52.1339	1.71385
	2	15	0.954317	0.0017988	-40.0759	2.40001
	2	16	0.873304	0.0010698	-18.506	1.38627
	2	17	0.899253	0.00374317	-31.133	4.80993
	2	18	0.881826	0.000937592	-26.331	1.19214
	2	19	0.903547	0.000496765	-47.25	0.707845
	2	20	0.898915	0.00226155	-40.2114	2.50491
	2	21	0.890848	0.00153927	-24.9885	2.07465
	2	22	0.951399	0.00179613	-34.3272	2.17352
	2	23	1.02295	0.0325392	-213.909	50.1382
	2	24	0.909434	0.00224484	-32.4453	2.92715
	2	25	0.882882	0.00116432	-54.4268	1.59486
	2	26	0.957773	0.0168257	-131.857	24.2289
	2	27	0.944975	0.0186147	-114.563	27.8416
	2	28	0.887525	0.0025613	-23.744	3.5601
	2	29	0.901099	0.00171648	-34.7201	2.3681
	2	30	0.992921	0.0214691	-132.228	31.714
	2	31	1.09313	0.0250862	-319.467	33.802
	3	4	0.996285	0.0184476	-110.013	23.9818
	3	5	0.978478	0.00203026	-50.3307	2.24692
	3	6	1.04504	0.00180463	-60.1285	2.05519
	3	7	1.01744	0.00143805	-44.1905	1.77118
	3	8	0.952673	0.00137494	-41.6852	1.87338
	3	9	0.973705	0.00177761	-42.081	2.23912
	3	10	0	0	0	0
	3	11	0.969247	0.00123074	-52.8127	1.55767
	3	12	0.94567	0.00164306	-53.5391	2.16586
	3	13	0.968719	0.00105669	-32.5935	1.29859
	3	14	1.00227	0.00092062	-60.2776	1.24548
	3	15	0.977781	0.00126583	-54.0276	1.60075
	3	16	0.893093	0.00115232	-28.8595	1.35871
	3	17	0.915195	0.000934391	-38.4117	1.23308
	3	18	0.899567	0.00108225	-35.9084	1.25141
	3	19	0.92232	0.00120805	-56.7545	1.5687
	3	20	0.918634	0.00152568	-49.1282	1.80927
	3	21	0.939229	0.00828555	-72.4451	11.3797
	3	22	0.977608	0.00147399	-50.107	1.74363
	3	23	0.891339	0.00185519	-40.0764	2.22966
	3	24	0.935846	0.00208152	-51.6427	2.99199
	3	25	1.04511	0.0289265	-247.528	41.435
	3	26	0.887682	0.00379428	-37.1267	5.2592
	3	27	0.948027	0.0102481	-104.221	13.9822
	3	28	0.900537	0.00139174	-26.2277	1.90137
	3	29	0.915213	0.00224301	-38.1029	3.05882
	3	30	0.894302	0.00158484	-12.9841	2.1028
	3	31	0.903633	0.00314316	-22.6173	3.5168
	4	3	0.998063	0.00199008	-80.0318	2.63303
	4	4	0.950454	0.00263406	-74.7345	3.73197
	4	5	0.964661	0.00211782	-57.826	2.78934
	4	6	1.17886	0.00519682	-279.683	7.61585
	4	7	1.0175	0.002676	-71.275	3.64671
	4	8	0.93825	0.00117626	-45.1634	1.60374
	4	9	0.95795	0.00141038	-45.6113	1.30385
	4	10	0.942896	0.00205673	-61.5326	2.86404
	4	11	0.953829	0.000794181	-55.7275	1.12703
	4	12	0.928392	0.00105863	-55.4708	1.47868
	4	13	0.952759	0.000818975	-38.4993	1.02406
	4	14	0.984693	0.00128053	-63.8615	1.21785
	4	15	0.961243	0.00109157	-57.0653	1.44188
	4	16	0.877323	0.000938598	-32.5664	1.20561
	4	17	0.898454	0.000764736	-39.3182	0.952343
	4	18	0.881548	0.00548546	-38.0398	3.23275
	4	19	0.908097	0.000909428	-61.5225	1.18212
	4	20	0.994928	0.00327884	-176.732	4.31247
	4	21	0.897071	0.000846317	-38.3152	0.799985
	4	22	0.960427	0.00115158	-54.9471	1.46013
	4	23	0.91453	0.00893198	-94.8292	12.2919
	4	24	0.913562	0.00128658	-46.725	1.65012
	4	25	0.892724	0.00574284	-76.167	8.0807
	4	26	0.971519	0.00173138	-177.506	2.35984
	4	27	0.99357	0.00193523	-194.581	2.69469
	4	28	0.924166	0.00198865	-83.3569	2.764
	4	29	0.939352	0.00227151	-97.0546	3.20059
	4	30	0.884594	0.00121887	-24.813	1.58513
	4	31	0	0	0	0
	5	0	0	0	0	0
	5	2	1.06142	0.0240969	-147.425	33.347
	5	3	1.04939	0.00134332	-78.2699	1.59325
	5	4	0.991009	0.00155567	-60.6607	2.09256
	5	5	1.0733	0.0024497	-134.084	3.16553
	5	6	1.08438	0.00159187	-64.965	1.86035
	5	7	1.05672	0.00136326	-50.2602	1.67488
	5	8	0.991885	0.00106107	-49.9114	1.3275
	5	9	1.01001	0.00143638	-46.0246	1.85338
	5	10	0.996141	0.00416058	-65.6823	5.56369
	5	11	1.01895	0.00692169	-63.3937	3.52051
	5	12	0.975129	0.0011932	-50.087	1.43007
	5	13	1.00288	0.000956375	-35.8339	1.22075
	5	14	1.04362	0.00415697	-70.8054	5.49169
	5	15	1.0107	0.000744811	-54.1791	0.928818
	5	16	0.93035	0.00396405	-40.0456	5.13642
	5	17	0.946636	0.00123735	-37.8839	0.884391
	5	18	0.931255	0.00116264	-36.7936	1.83764
	5	19	0.96579	0.00187689	-72.6225	2.40008
	5	20	0.948733	0.00105951	-50.8605	1.25519
	5	21	0.945442	0.00215386	-37.4887	1.81508
	5	22	1.00782	0.000888274	-49.7778	1.06209
	5	23	0.919364	0.00615995	-39.7804	3.14009
	5	24	0.962278	0.00102558	-44.061	1.33324
	5	25	0.930376	0.00108597	-62.6815	1.35435
	5	26	0.920823	0.00121266	-41.6306	1.47213
	5	27	0.951784	0.0010726	-65.881	1.36994
	5	28	0.947947	0.00408861	-48.884	5.53866
	5	29	0.955663	0.00373089	-50.7087	5.02983
	5	30	0.93044	0.00144178	-20.8775	1.94541
	5	31	0.942821	0.00139057	-28.5826	1.75681
	6	0	0.884565	0.00223866	-45.7513	2.97183
	6	1	0.933835	0.0036071	-51.521	5.16153
	6	2	0.994395	0.023872	-161.989	34.1246
	6	3	0.93838	0.00119242	-49.0133	1.60281
	6	4	0.890617	0.00134348	-38.6323	1.73614
	6	5	1.01826	0.00353073	-185.51	5.2427
	6	6	1.01048	0.00209051	-97.5822	3.23001
	6	7	0.94078	0.000954866	-15.9177	1.33038
	6	8	0.883403	0.00125219	-18.3386	1.5941
	6	9	0.909323	0.00449152	-28.1559	6.52065
	6	10	0.894564	0.00345399	-44.4778	5.05593
	6	11	0.899756	0.00189603	-30.6695	2.76761
	6	12	0.871578	0.00135037	-25.9791	1.54424
	6	13	0.895043	0.00100933	-6.0866	1.43954
	6	14	0.927863	0.00130451	-34.9067	1.23983
	6	15	0.899769	0.00103519	-20.3637	1.08297
	6	16	0.823729	0.000871461	-3.82331	1.22025
	6	17	0.850821	0.0021961	-19.7183	3.12228
	6	18	0.831729	0.0011406	-10.0023	1.46178
	6	19	0.852152	0.00103531	-30.5957	1.27082
	6	20	0.848614	0.000986778	-22.4232	1.03898
	6	21	0.965663	0.00300189	-185.773	4.39726
	6	22	0.90369	0.00225748	-25.5093	3.27785
	6	23	0.826278	0.00129844	-18.2595	1.84777
	6	24	0.860095	0.00109615	-19.7972	1.5604
	6	25	0.831996	0.00103062	-37.2662	1.14487
	6	26	0.821804	0.00261797	-13.3472	3.86333
	6	27	0.847333	0.000864679	-36.0524	1.23466
	6	28	0.878854	0.00221655	-69.5034	3.25999
	6	29	0.846437	0.00151391	-12.163	2.22234
	6	30	0.831449	0.00183142	3.87333	2.61341
	6	31	0.886904	0.00473762	-67.7591	7.21623
	7	0	1.04331	0.0321995	-257.97	55.7148
	7	1	0.959727	0.00570021	-101.407	8.51061
	7	2	0.922411	0.00680633	-109.392	10.2958
	7	3	1.07357	0.00363634	-262.204	5.65179
	7	4	0.906932	0.00206012	-73.9575	3.06214
	7	5	0.933801	0.00204639	-78.4251	2.98814
	7	6	0.979972	0.000942953	-65.1574	1.35016
	7	7	0.954045	0.00116639	-47.5108	1.71694
	7	8	0.895859	0.000746999	-47.156	1.04934
	7	9	0.911891	0.000864972	-42.9227	1.12866
	7	10	0.902601	0.00189657	-67.0792	2.78614
	7	11	0.908722	0.00149634	-55.2653	1.28313
	7	12	0.886351	0.000927937	-57.4362	1.35992
	7	13	0.909317	0.00106862	-37.7734	1.01133
	7	14	0.941961	0.000622154	-65.1454	0.913272
	7	15	0.913672	0.000764473	-53.0685	0.73584
	7	16	0.842533	0.00161814	-40.9382	2.31962
	7	17	0.859439	0.00173233	-39.9092	1.19909
	7	18	0.846252	0.00291485	-43.4331	4.09209
	7	19	0.862675	0.000863946	-56.6605	0.734745
	7	20	0.862343	0.00169268	-51.9039	1.19175
	7	21	0.854189	0.00162864	-36.9946	1.14595
	7	22	0.91637	0.000979432	-55.3122	1.37069
	7	23	0.847127	0.00286663	-59.0162	4.11149
	7	24	0.870245	0.000729929	-44.4982	1.05025
	7	25	0.856542	0.00234096	-83.9502	3.46446
	7	26	0.843105	0.00225266	-54.7234	3.31524
	7	27	0.860748	0.00105756	-66.0427	1.52659
	7	28	0.85084	0.00502223	-38.4381	7.43056
	7	29	0.860251	0.00116275	-43.5458	1.66281
	7	30	0.850579	0.00156096	-34.3988	2.30728
	7	31	0.856288	0.00135432	-32.8624	1.94516
	8	0	0.939904	0.00176051	-78.2864	2.14633
	8	1	1.1017	0.0270754	-217.312	38.7945
	8	2	0.990766	0.00271693	-148.27	3.67775
	8	3	1.00075	0.00268016	-92.421	3.77225
	8	4	0.955922	0.00518567	-88.2685	7.39427
	8	5	0.976791	0.00528945	-81.855	7.49066
	8	6	1.04562	0.00445966	-96.4024	6.26554
	8	7	1.00516	0.00191626	-61.1994	2.68858
	8	8	0.936212	0.000707806	-49.2594	0.877128
	8	9	0.95064	0.000703069	-42.9901	0.966121
	8	10	0.937946	0.00255886	-61.604	3.59739
	8	11	0.952211	0.00179518	-60.4849	2.50738
	8	12	0.920631	0.000746125	-51.8853	1.28889
	8	13	0.949029	0.00192731	-38.29	2.68423
	8	14	0.980272	0.00218405	-65.9753	1.44807
	8	15	0.955983	0.000865098	-55.7688	0.733775
	8	16	0.878779	0.00102271	-40.5061	1.38076
	8	17	0.895986	0.00126705	-41.714	1.12061
	8	18	0.881698	0.000677549	-39.3296	0.737833
	8	19	0.902436	0.000599144	-60.0261	0.781208
	8	20	0.899072	0.000905241	-54.0634	0.81709
	8	21	0.892013	0.000583337	-38.3336	0.650857
	8	22	0.956955	0.00176897	-55.7368	1.5802
	8	23	0.873748	0.00264057	-44.8516	1.75745
	8	24	0.910086	0.00126498	-47.0544	1.25832
	8	25	0.887809	0.00266638	-75.6583	3.70863
	8	26	0.870312	0.00156188	-40.8483	1.24145
	8	27	0.902373	0.00121698	-71.8251	1.69687
	8	28	0.908822	0.0040248	-68.633	5.7668
	8	29	0.904245	0.0015353	-52.4507	2.15668
	8	30	0.888041	0.0050687	-35.6789	7.17749
	8	31	0.915042	0.00616337	-63.3954	8.81388
	9	0	0	0	0	0
	9	1	0.962412	0.00265495	-64.5956	3.74033
	9	2	0.919159	0.00106694	-63.2343	1.40804
	9	3	0.988515	0.00489136	-91.6539	6.84462
	9	4	0.92231	0.000863006	-56.9153	1.16166
	9	5	0.943698	0.00094812	-49.1044	1.14691
	9	6	1.04841	0.00382105	-117.62	5.50571
	9	7	0.988881	0.00267389	-54.8596	3.81209
	9	8	0.920781	0.00109815	-42.4551	1.66917
	9	9	0.939621	0.0058953	-40.1857	3.02539
	9	10	0.920207	0.00053901	-51.5478	0.739643
	9	11	0.932249	0.000645179	-48.217	0.761955
	9	12	0.90772	0.00119361	-48.3526	0.992414
	9	13	0.932116	0.000954103	-30.6538	0.712375
	9	14	0.966455	0.00119023	-59.0346	0.944115
	9	15	0.940057	0.000560548	-49.604	0.759242
	9	16	0.85871	0.000538144	-26.0287	0.664156
	9	17	0.880505	0.000512244	-33.6474	0.610168
	9	18	0.865202	0.000609919	-30.5538	0.747546
	9	19	0.892262	0.000796185	-60.0886	1.07779
	9	20	0.883758	0.00110254	-44.0903	0.824287
	9	21	0.877421	0.000834893	-31.089	0.886199
	9	22	0.942075	0.00206686	-51.2296	2.84206
	9	23	0.857833	0.0006539	-35.7032	0.570001
	9	24	0.892467	0.00126645	-39.2831	0.993139
	9	25	0.867273	0.00128503	-59.3255	0.914334
	9	26	0.852767	0.00173434	-32.2732	1.41324
	9	27	0.882881	0.00123728	-59.8716	1.14187
	9	28	0.883896	0.00322428	-47.5475	4.64234
	9	29	0.897777	0.00332447	-58.3674	4.78343
	9	30	0.883067	0.00366258	-42.8227	5.28694
	9	31	0	0	0	0
	10	0	0.960086	0.00249793	-88.4474	3.42129
	10	1	1.07832	0.00218372	-186.845	2.98208
	10	2	0.956418	0.00131939	-79.7715	1.81765
	10	3	1.05282	0.00191318	-144.116	2.69669
	10	4	0.971555	0.00282211	-89.8412	3.97309
	10	5	0.994666	0.00336579	-86.7271	4.71833
	10	6	1.04473	0.00953184	-74.8641	4.74596
	10	7	1.02674	0.00202843	-70.0696	2.80649
	10	8	0.951963	0.00107379	-53.7128	0.883238
	10	9	0.983733	0.00146245	-68.2075	2.02113
	10	10	0.953811	0.000886737	-65.2222	0.841679
	10	11	0.969132	0.000840482	-64.006	0.894824
	10	12	0.941641	0.000956189	-60.2919	0.703434
	10	13	0.971068	0.000736381	-49.1632	0.97937
	10	14	1.00342	0.000717922	-76.2552	0.673636
	10	15	0.973945	0.000432875	-61.0587	0.498163
	10	16	0.895083	0.000910069	-45.0455	1.19069
	10	17	0.919391	0.000778651	-55.4892	1.01656
	10	18	0.897303	0.000885388	-44.3746	0.646317
	10	19	0.919814	0.000792303	-65.5551	0.594108
	10	20	0.918255	0.00072967	-61.0426	0.697464
	10	21	0.90961	0.000778767	-43.7272	0.564317
	10	22	0.973348	0.00115236	-58.5897	0.714978
	10	23	0.890255	0.000820277	-49.6687	0.708349
	10	24	0.928695	0.00140606	-52.6179	1.11223
	10	25	0.89925	0.000827143	-73.3533	1.10732
	10	26	0.88637	0.00200276	-46.2432	1.38883
	10	27	0.91663	0.000757391	-73.4427	1.02764
	10	28	0.901931	0.00085427	-40.003	1.16863
	10	29	0.91376	0.00483457	-50.8018	2.71009
	10	30	0.905055	0.00365809	-40.2258	5.0975
	10	31	0	0	0	0
	11	0	0	0	0	0
	11	1	1.01502	0.00127512	-84.1993	1.64217
	11	2	0.976469	0.00406724	-92.2152	5.54677
	11	3	1.04285	0.0029939	-113.399	4.14651
	11	4	0.975852	0.00138642	-80.5456	1.8708
	11	5	1.00612	0.00227064	-86.5152	3.14768
	11	6	1.05462	0.00197215	-74.6364	1.37344
	11	7	1.02803	0.000726255	-56.2621	0.970925
	11	8	0.972194	0.00167262	-64.2766	2.29208
	11	9	0.986753	0.00101287	-56.7525	1.36968
	11	10	0.973406	0.00113856	-75.8425	1.54016
	11	11	0.980462	0.00137923	-63.5365	0.787695
	11	12	0.952076	0.000422915	-61.0315	0.550579
	11	13	0.978904	0.000769181	-45.2355	0.64478
	11	14	1.01517	0.000774747	-75.0767	0.770431
	11	15	0.986256	0.00065195	-61.8112	0.516007
	11	16	0.903203	0.000707513	-40.2542	0.544671
	11	17	0.923173	0.000875501	-46.1597	0.619528
	11	18	0.909462	0.000911023	-45.8074	0.747775
	11	19	0.932172	0.00036387	-67.6502	0.465327
	11	20	0.927598	0.0010662	-59.6445	0.828996
	11	21	0.920159	0.000543692	-43.5539	0.528436
	11	22	0.985015	0.00128741	-58.2377	0.948457
	11	23	0.900966	0.000688172	-49.6863	0.602236
	11	24	0.937223	0.000955767	-52.1879	0.668011
	11	25	0.921615	0.00168456	-89.51	2.25047
	11	26	0.894132	0.0062877	-43.6578	3.17088
	11	27	0.927589	0.000864133	-74.1048	1.15193
	11	28	0.921219	0.00195608	-52.0274	2.68422
	11	29	0.934611	0.00287689	-61.623	3.97777
	11	30	0.910824	0.00110283	-33.1838	1.47035
	11	31	1.11084	0.023813	-170.086	34.9398
	12	0	0	0	0	0
	12	1	0.967581	0.00115594	-94.1766	1.63423
	12	2	0.970152	0.00268144	-159.689	3.88231
	12	3	0.977582	0.00133037	-100.71	1.91045
	12	4	0.931109	0.0018875	-91.6485	2.74535
	12	5	0.949279	0.0022784	-83.0817	3.31903
	12	6	1.00511	0.00119249	-82.4471	1.08981
	12	7	0.977588	0.00427512	-63.1763	2.29699
	12	8	0.920394	0.00121694	-63.6628	1.23203
	12	9	0.943196	0.00098815	-70.8242	1.41896
	12	10	0.924005	0.000988226	-80.3537	1.39991
	12	11	0.934173	0.000629056	-73.077	0.685193
	12	12	0.9074	0.000673698	-69.1828	0.609503
	12	13	0.932353	0.000459907	-54.6109	0.536541
	12	14	0.964372	0.000468778	-81.6293	0.602558
	12	15	0.938451	0.000937597	-69.7104	0.754757
	12	16	0.857326	0.000432244	-46.0628	0.486933
	12	17	0.87871	0.000465728	-53.613	0.392186
	12	18	0.864276	0.000544082	-51.4712	0.502602
	12	19	0.886913	0.000464488	-73.8284	0.397842
	12	20	0.882294	0.000501673	-66.864	0.520145
	12	21	0.877476	0.00074333	-53.2494	0.694134
	12	22	0.935881	0.000795289	-66.2962	0.68714
	12	23	0.858968	0.000982023	-56.6432	0.749065
	12	24	0.891482	0.00175916	-59.5342	1.04952
	12	25	0.863369	0.00113008	-77.6006	0.907211
	12	26	0.858512	0.00123453	-60.9925	1.75548
	12	27	0.885866	0.000704376	-82.3749	0.759305
	12	28	0.867534	0.00191165	-45.9927	1.52621
	12	29	0.881904	0.000912647	-58.1014	1.29633
	12	30	0.887756	0.00204734	-71.8456	2.98178
	12	31	0	0	0	0
	13	0	0.94624	0.00384704	-84.6401	5.48627
	13	1	0.988058	0.00344337	-79.2082	4.82395
	13	2	0.93564	0.00264799	-66.7129	3.62886
	13	3	0.99104	0.00210493	-73.8734	2.95959
	13	4	0.936517	0.00352221	-53.3299	1.72343
	13	5	0.953418	0.000768962	-44.3686	1.08337
	13	6	1.01685	0.000679782	-51.8549	0.933026
	13	7	1.00029	0.00196817	-49.0891	2.75618
	13	8	0.928262	0.00129538	-32.7171	1.15853
	13	9	0.943608	0.00143343	-27.5914	0.924728
	13	10	0.935699	0.00106134	-53.87	1.4424
	13	11	0.942745	0.000799731	-41.749	0.686656
	13	12	0.917078	0.000704832	-40.6138	0.584681
	13	13	0.94541	0.000546943	-28.6806	0.721143
	13	14	0.975083	0.000894731	-52.1939	0.734806
	13	15	0.945572	0.000753794	-37.8402	0.621303
	13	16	0.867647	0.00056643	-20.5634	0.566315
	13	17	0.887681	0.000481312	-25.2841	0.470879
	13	18	0.871815	0.000648917	-22.9722	0.60396
	13	19	0.895415	0.000645325	-45.3779	0.475961
	13	20	0.891188	0.000587071	-38.4491	0.604159
	13	21	0.885278	0.000330865	-24.5596	0.432151
	13	22	0.949725	0.00155562	-40.5426	1.57495
	13	23	0.869417	0.000702249	-34.958	0.923544
	13	24	0.903337	0.000827053	-32.2095	0.732937
	13	25	0	0	0	0
	13	26	0.865806	0.00178242	-31.4636	2.43824
	13	27	0.888491	0.00159848	-50.5584	1.25278
	13	28	0.881693	0.00212061	-25.8784	2.9741
	13	29	0.908929	0.00265758	-54.5949	3.72596
	13	30	0.875078	0.00102638	-12.1168	1.40139
	13	31	1.00377	0.0236921	-103.692	34.5394
	14	0	0.955641	0.0031403	-106.374	4.46516
	14	1	1.01177	0.00532157	-120.398	7.39702
	14	2	0.963585	0.0022159	-112.378	3.1044
	14	3	1.01474	0.00284375	-115.008	4.03816
	14	4	0.954863	0.00241763	-90.0846	3.43456
	14	5	0.964412	0.000781201	-67.4575	1.08822
	14	6	1.03251	0.000886156	-82.1017	1.23035
	14	7	1.00286	0.00230258	-61.3883	2.55843
	14	8	0.945316	0.0010019	-64.6996	1.39855
	14	9	0.961115	0.00115532	-59.8286	1.60181
	14	10	0.93801	0.000398362	-64.6526	0.534378
	14	11	0.952027	0.000849292	-63.2893	0.602614
	14	12	0.924601	0.000594403	-60.6189	0.500435
	14	13	0.950904	0.000619861	-43.9388	0.532499
	14	14	0.985148	0.000743263	-73.78	0.59911
	14	15	0.957709	0.000716638	-60.9873	0.562164
	14	16	0.875908	0.000520934	-38.4134	0.424692
	14	17	0.89765	0.000392258	-46.2089	0.397582
	14	18	0.883864	0.000588667	-45.1245	0.453356
	14	19	0.909781	0.000567182	-72.5384	0.748493
	14	20	0.902984	0.000682617	-62.6802	0.735646
	14	21	0.898672	0.000706698	-47.4048	0.501894
	14	22	0.96358	0.000715086	-68.5424	0.943855
	14	23	0.88034	0.000744372	-57.1006	0.987427
	14	24	0.911144	0.0012689	-52.1561	0.948267
	14	25	0.887027	0.0017256	-73.5608	1.11169
	14	26	0.883338	0.00688486	-51.8796	3.76195
	14	27	0.910397	0.00238092	-86.5012	3.31033
	14	28	0.884949	0.00125627	-37.133	1.04756
	14	29	0.913168	0.00271655	-68.1584	3.84108
	14	30	0.898389	0.0028869	-52.248	4.07653
	14	31	0	0	0	0
	15	0	0.898085	0.00138641	-59.7274	1.91763
	15	1	0.948287	0.00200241	-69.5086	2.84559
	15	2	0.903413	0.00120375	-63.7657	1.71069
	15	3	0.971728	0.00254618	-93.7376	3.7201
	15	4	0.914036	0.00246333	-68.4326	3.59484
	15	5	0.926688	0.00107235	-47.7615	1.03019
	15	6	0.999814	0.00159663	-76.1111	2.31387
	15	7	0.955654	0.0020775	-33.725	1.31905
	15	8	0.899234	0.000985316	-36.1088	0.831867
	15	9	0.927126	0.0011471	-48.7922	1.62925
	15	10	0.902741	0.000819402	-49.0228	0.604666
	15	11	0.914578	0.000624132	-45.7369	0.644889
	15	12	0.890814	0.00109399	-47.5318	1.05639
	15	13	0.914417	0.000761497	-27.755	0.580729
	15	14	0.94547	0.000614674	-55.3825	0.514403
	15	15	0.917989	0.000477064	-42.6984	0.485409
	15	16	0.841653	0.000513251	-22.7266	0.458981
	15	17	0.861531	0.000848624	-30.1199	1.29155
	15	18	0.847592	0.000504687	-28.9658	0.503939
	15	19	0.87039	0.000581319	-51.432	0.683542
	15	20	0.863376	0.000586885	-41.4011	0.446015
	15	21	0.859535	0.000462119	-28.105	0.399189
	15	22	0.916445	0.000777188	-39.7511	0.602947
	15	23	0.844229	0.000589258	-39.8162	0.803331
	15	24	0.872533	0.000845172	-33.5504	0.736698
	15	25	0.858032	0.000969811	-70.6211	1.34534
	15	26	0.837961	0.00168348	-30.4511	1.09613
	15	27	0.86275	0.00113314	-54.6079	1.0147
	15	28	0.85548	0.00120557	-24.3842	0.919089
	15	29	0.865736	0.00073749	-35.5357	1.03998
	15	30	0.870517	0.00207072	-47.9269	2.98581
	15	31	0	0	0	0
	16	0	0	0	0	0
	16	1	1.11254	0.00957134	-167.095	11.9784
	16	2	1.03684	0.00317774	-130.868	4.20383
	16	3	1.07322	0.00102752	-107.965	1.34145
	16	4	1.01603	0.00088222	-91.7102	1.15042
	16	5	1.06135	0.00212149	-116.18	2.82377
	16	6	1.10159	0.00648662	-94.2356	3.26385
	16	7	1.07824	0.00143098	-77.2173	1.13834
	16	8	1.01169	0.00177594	-73.7333	1.04945
	16	9	1.03841	0.00122524	-82.9116	1.59624
	16	10	1.01922	0.000746146	-94.5345	0.945877
	16	11	1.02937	0.00153939	-88.131	1.52559
	16	12	1.00113	0.000517418	-84.9053	0.646016
	16	13	1.02494	0.000767235	-64.2109	0.514379
	16	14	1.06386	0.000665172	-95.84	0.553072
	16	15	1.03169	0.00103855	-81.069	0.622815
	16	16	0.945114	0.000742051	-57.4392	0.558336
	16	17	0.965743	0.000524708	-63.5475	0.450021
	16	18	0.951427	0.000508862	-62.3302	0.398441
	16	19	0.976726	0.000598994	-85.0276	0.487983
	16	20	0.975682	0.000575112	-84.567	0.715366
	16	21	0.966158	0.00068336	-64.7464	0.491925
	16	22	1.03884	0.000823085	-88.8225	1.02511
	16	23	0.953341	0.000857112	-80.8543	1.07095
	16	24	0.979333	0.00285922	-69.7794	1.40246
	16	25	1.07603	0.0154888	-158.261	16.2123
	16	26	0.952301	0.00156873	-81.152	2.02524
	16	27	0.969214	0.000714159	-89.3162	0.913021
	16	28	0.972038	0.00171394	-79.2721	2.25886
	16	29	0.983525	0.00370006	-85.7689	4.91528
	16	30	0.952082	0.000870781	-49.2066	1.1723
	16	31	0.963983	0.00104714	-54.9329	1.32274
	17	0	0	0	0	0
	17	1	1.07476	0.00129146	-89.1167	1.57453
	17	2	1.05104	0.00428883	-118.561	5.56836
	17	3	1.08969	0.00240264	-93.7905	1.5751
	17	4	1.02595	0.0045632	-75.5524	2.3371
	17	5	1.05834	0.00264395	-82.1492	3.45055
	17	6	1.14445	0.00238715	-111.534	3.10374
	17	7	1.08742	0.000694691	-58.8603	0.881368
	17	8	1.02393	0.00598986	-57.5386	2.7182
	17	9	1.05021	0.00513919	-60.4327	2.41778
	17	10	1.03102	0.000757292	-80.3088	0.943066
	17	11	1.0361	0.00090547	-66.7832	0.576407
	17	12	1.00816	0.00114141	-64.1866	0.737038
	17	13	1.03563	0.000461362	-47.2736	0.453601
	17	14	1.07211	0.000727115	-76.2879	0.509589
	17	15	1.04138	0.000604302	-63.0927	0.48025
	17	16	0.953364	0.000527197	-41.4174	0.401266
	17	17	0.976402	0.000548579	-47.8588	0.453854
	17	18	0.960299	0.000534346	-46.5767	0.399663
	17	19	0.985364	0.000301531	-69.7135	0.364223
	17	20	0.981941	0.000671385	-62.1747	0.40591
	17	21	0.974512	0.00063693	-47.2117	0.484658
	17	22	1.03798	0.000945892	-59.3216	0.678458
	17	23	0.960553	0.000804615	-62.7904	0.982768
	17	24	1.0067	0.00100413	-73.9443	1.23492
	17	25	0.961068	0.000458354	-75.0845	0.556558
	17	26	0.945637	0.0035279	-46.5928	1.6997
	17	27	0.967381	0.00333454	-68.1446	1.89586
	17	28	0.965236	0.00770539	-41.8555	3.8799
	17	29	0.989031	0.00306889	-64.487	3.99507
	17	30	0.962752	0.00337386	-35.7892	4.40579
	17	31	1.01871	0.0142511	-71.3718	10.5685
	18	0	0.85918	0.00706863	-64.442	10.2883
	18	1	0.930099	0.00474084	-108.793	7.06228
	18	2	0.886863	0.00348193	-102.926	5.27356
	18	3	0.925384	0.000964062	-91.5899	1.43525
	18	4	0.876265	0.00128466	-73.5011	1.41487
	18	5	0.897253	0.0013352	-67.3125	1.13246
	18	6	0.95271	0.00107509	-75.2495	1.11028
	18	7	0.925675	0.00135838	-55.7368	1.13974
	18	8	0.872417	0.000550232	-56.1649	0.681808
	18	9	0.886135	0.00104758	-51.2917	0.917999
	18	10	0.871885	0.000877632	-64.834	0.799214
	18	11	0.885362	0.000687632	-65.7241	0.697857
	18	12	0.85806	0.000846238	-60.8551	0.692436
	18	13	0.88274	0.000612813	-45.8805	0.543252
	18	14	0.915005	0.000261648	-75.5127	0.369915
	18	15	0.889451	0.00046528	-63.3337	0.514942
	18	16	0.811789	0.000455153	-38.4118	0.456313
	18	17	0.832324	0.00043917	-46.0833	0.572636
	18	18	0.818362	0.000334094	-43.9716	0.393599
	18	19	0.840007	0.000252071	-67.3028	0.356736
	18	20	0.833739	0.00037891	-58.0354	0.3965
	18	21	0.830399	0.000453812	-44.4321	0.509902
	18	22	0.885589	0.00081527	-57.0037	0.664378
	18	23	0.811935	0.000729465	-48.6169	0.657749
	18	24	0.854198	0.000860677	-65.8984	1.24762
	18	25	0.830696	0.00101143	-89.5845	1.47417
	18	26	0.80594	0.00155247	-44.7022	1.11417
	18	27	0.835914	0.00130461	-72.1272	1.02983
	18	28	0.836309	0.00204809	-61.0381	3.12085
	18	29	0.833166	0.00168061	-47.3895	2.05294
	18	30	0.826465	0.00268903	-42.0475	4.09525
	18	31	0.845144	0.00173241	-60.9587	2.64519
	19	0	1.18182	0.0198036	-164.881	29.6486
	19	1	1.08094	0.00141491	-88.1183	1.71005
	19	2	1.05775	0.00436878	-118.872	5.66852
	19	3	1.08776	0.00394789	-91.6819	2.07281
	19	4	1.02378	0.00552777	-73.8144	2.65678
	19	5	1.07159	0.00241326	-90.1664	3.1391
	19	6	1.15365	0.00152913	-114.228	1.96196
	19	7	1.10024	0.00478774	-62.6219	2.34988
	19	8	1.04648	0.00131983	-82.0645	1.69192
	19	9	1.04227	0.00784719	-54.3637	3.38731
	19	10	1.03028	0.00154609	-71.6017	0.870389
	19	11	1.04726	0.000695765	-70.8936	0.574219
	19	12	1.01561	0.000838466	-67.3137	0.670808
	19	13	1.04685	0.000853175	-54.4195	0.667828
	19	14	1.08222	0.00090767	-80.5059	0.620441
	19	15	1.05237	0.000581785	-67.9884	0.442648
	19	16	0.963011	0.000699062	-44.9327	0.435739
	19	17	0.984505	0.000659553	-51.503	0.531688
	19	18	0.967393	0.000670376	-49.2983	0.508745
	19	19	0.993439	0.000689843	-71.8507	0.648234
	19	20	0.988754	0.000845648	-65.0089	0.604414
	19	21	0.980904	0.00062537	-49.3925	0.491034
	19	22	1.04566	0.00448368	-62.4947	2.16066
	19	23	0.968899	0.000914857	-65.8705	1.1167
	19	24	1.01067	0.00117596	-71.4301	1.44148
	19	25	0.984336	0.00151504	-96.3054	1.88692
	19	26	0.957922	0.00130084	-53.5121	0.899476
	19	27	0.986443	0.00709063	-78.5071	3.55258
	19	28	0.966585	0.00793334	-41.763	3.92533
	19	29	1.00125	0.00307389	-72.1994	4.00641
	19	30	0.975844	0.00378999	-44.2434	4.92965
	19	31	0.98454	0.00314224	-46.4757	4.03302
	20	0	0	0	0	0
	20	1	1.0546	0.00161915	-92.3224	2.04924
	20	2	1.01423	0.00340288	-99.4604	4.52616
	20	3	1.08608	0.00457314	-125.68	6.12051
	20	4	1.00377	0.00680012	-77.6413	3.51726
	20	5	1.03392	0.00135612	-79.3465	1.78111
	20	6	1.09158	0.00682788	-79.7227	3.80445
	20	7	1.06373	0.0028071	-60.2851	1.73409
	20	8	1.00776	0.002665	-66.6368	1.67271
	20	9	1.0193	0.00453792	-59.3765	2.46329
	20	10	1.01684	0.00100587	-90.6586	1.30482
	20	11	1.02152	0.000532468	-73.874	0.462978
	20	12	0.991696	0.00082776	-70.9831	0.65271
	20	13	1.01935	0.00112041	-54.5012	0.695772
	20	14	1.0565	0.00075036	-85.1944	0.574882
	20	15	1.02532	0.000720025	-71.8358	0.489842
	20	16	0.936645	0.000483514	-46.6669	0.515526
	20	17	0.965131	0.00147422	-58.7165	1.09916
	20	18	0.944738	0.000639166	-52.4553	0.57453
	20	19	0.973482	0.00127657	-80.7792	1.84194
	20	20	0.969586	0.000763208	-75.7006	0.951965
	20	21	0.960406	0.00111102	-55.1451	0.662324
	20	22	1.02367	0.00296464	-68.2759	1.53634
	20	23	0.936621	0.00197167	-57.3074	1.11001
	20	24	0.975413	0.00198702	-61.2705	1.40713
	20	25	0.94557	0.00119959	-79.6907	0.770022
	20	26	0.933723	0.000573781	-56.0875	0.72899
	20	27	0.972115	0.0041283	-85.562	2.15265
	20	28	0.946302	0.00153966	-46.1342	1.02724
	20	29	0.966073	0.00124187	-62.1037	1.64151
	20	30	0.942925	0.000825991	-35.954	1.07658
	20	31	0	0	0	0
	21	0	1.03355	0.00227338	-87.2808	2.73614
	21	1	1.08624	0.00131515	-90.536	1.61575
	21	2	1.03765	0.0010409	-89.0825	1.25267
	21	3	1.09602	0.000958399	-93.4471	1.17559
	21	4	1.05063	0.00313883	-94.3932	4.08117
	21	5	1.06316	0.0008546	-74.7741	1.0795
	21	6	1.13321	0.00108676	-83.3305	1.37471
	21	7	1.10501	0.00166143	-68.3504	2.13942
	21	8	1.04728	0.00168108	-78.9569	2.16015
	21	9	1.05365	0.000935879	-60.4358	0.7789
	21	10	1.04309	0.00178808	-77.4399	1.15293
	21	11	1.05367	0.0024068	-76.0675	1.74489
	21	12	1.02636	0.000988895	-76.2216	1.23444
	21	13	1.0498	0.000408091	-53.513	0.49646
	21	14	1.08556	0.00109613	-80.9506	0.851239
	21	15	1.05698	0.00185044	-69.672	1.02512
	21	16	0.965232	0.000341687	-46.1319	0.410103
	21	17	0.98908	0.000630798	-52.6756	0.493397
	21	18	0.972665	0.000740025	-51.607	0.635254
	21	19	0.99573	0.000895505	-72.3296	0.614675
	21	20	0.999171	0.000883118	-74.6233	1.07905
	21	21	0.993957	0.00108734	-61.0141	1.32387
	21	22	1.05441	0.00206479	-65.5029	1.11939
	21	23	0.963038	0.00117772	-55.759	0.879837
	21	24	1.01925	0.00167512	-78.1377	2.08271
	21	25	0.995257	0.00192634	-106.364	2.44253
	21	26	0.977656	0.00151714	-74.5764	1.93549
	21	27	0.982412	0.011926	-74.7138	5.45077
	21	28	0.993143	0.00294591	-66.6617	3.77931
	21	29	0.997051	0.00125133	-62.7414	1.59544
	21	30	0.991628	0.00321571	-60.9118	4.1952
	21	31	0	0	0	0
	22	0	0	0	0	0
	22	1	1.07065	0.00182946	-91.3569	2.18069
	22	2	1.01973	0.0011912	-86.0738	1.41465
	22	3	1.08074	0.00112961	-95.5853	1.40736
	22	4	1.0241	0.000877273	-80.4291	1.11274
	22	5	1.03456	0.00495063	-65.5962	2.53364
	22	6	1.12206	0.00170438	-90.6259	2.20741
	22	7	1.08496	0.00113697	-61.7735	0.831442
	22	8	1.0219	0.00194956	-66.1714	2.54299
	22	9	1.03858	0.0016901	-60.5177	2.19273
	22	10	1.02945	0.00167247	-85.7601	2.15728
	22	11	1.03278	0.00162254	-69.5953	1.20303
	22	12	1.00803	0.00143684	-72.0723	1.8454
	22	13	1.03266	0.00108363	-51.4293	0.754008
	22	14	1.06906	0.000890077	-80.0701	0.792101
	22	15	1.04015	0.00394101	-69.2314	2.45122
	22	16	0.957437	0.00111673	-54.1472	1.39203
	22	17	0.972281	0.000883444	-50.2203	0.668843
	22	18	0.963852	0.000877288	-58.7188	1.08781
	22	19	0.981837	0.000721628	-71.4897	0.621503
	22	20	0.973858	0.00107749	-62.0322	0.694635
	22	21	0.969883	0.00120246	-47.9921	0.848066
	22	22	1.03257	0.00608411	-61.3185	2.96148
	22	23	0.959116	0.00150652	-67.85	1.90187
	22	24	0.998495	0.00198464	-70.6221	2.52041
	22	25	0.968029	0.0023061	-90.4454	2.97941
	22	26	0.945806	0.000915543	-52.3457	1.1713
	22	27	0.969868	0.0145453	-73.6927	6.97046
	22	28	0.973289	0.00311227	-60.5178	4.112
	22	29	0.962125	0.00785789	-47.9206	3.79942
	22	30	0.978857	0.00376763	-63.4401	4.97159
	22	31	0	0	0	0
	23	0	0	0	0	0
	23	1	1.08968	0.0115154	-124.105	14.859
	23	2	1.04348	0.0054895	-124.875	7.27007
	23	3	1.07178	0.00110252	-91.1217	1.3633
	23	4	1.02459	0.00385079	-88.3285	5.10881
	23	5	1.03429	0.0014648	-66.4343	1.36242
	23	6	1.10584	0.00102799	-77.6502	1.2747
	23	7	1.07569	0.000910167	-59.3654	1.18482
	23	8	1.00983	0.000987082	-57.8917	1.2872
	23	9	1.01467	0.00570245	-49.522	2.70867
	23	10	0.9919	0.0111349	-59.406	4.71882
	23	11	1.02459	0.000999233	-66.252	0.785026
	23	12	0.996042	0.000553485	-63.5185	0.603898
	23	13	1.02563	0.000897404	-49.2353	0.76956
	23	14	1.05597	0.00629996	-74.8314	3.31958
	23	15	1.02967	0.00100855	-63.3082	0.788587
	23	16	0.94195	0.000623715	-41.1296	0.527954
	23	17	0.966527	0.00106141	-48.8184	0.966712
	23	18	0.949763	0.00106006	-46.9943	0.872875
	23	19	0.975674	0.00192446	-70.3113	1.32906
	23	20	0.968288	0.000924672	-60.0598	0.654159
	23	21	0.968135	0.00167504	-54.0709	2.13327
	23	22	1.02987	0.000639685	-62.5159	0.798253
	23	23	0.9484	0.0020712	-61.0985	2.65702
	23	24	0.986757	0.00178036	-62.9243	2.2991
	23	25	0.960898	0.00207042	-88.5193	2.68729
	23	26	0.93836	0.00108074	-49.2671	1.39738
	23	27	0.966768	0.00655617	-74.6609	2.84234
	23	28	0.950985	0.00756181	-40.8314	3.97047
	23	29	0.972292	0.00257572	-53.4031	1.72335
	23	30	0.991393	0.00251376	-87.959	3.32579
	23	31	0	0	0	0
	24	0	1.14278	0.0232839	-251.497	32.7273
	24	1	1.2473	0.0276837	-222.797	38.2421
	24	2	0	0	0	0
	24	3	1.08047	0.00173243	-118.689	2.02793
	24	4	1.04321	0.00273346	-130.259	3.46134
	24	5	1.11836	0.00413883	-191.297	5.69207
	24	6	1.18361	0.00254225	-193.797	3.23462
	24	7	0	0	0	0
	24	8	1.01644	0.00152441	-83.0565	1.93338
	24	9	1.053	0.00170176	-107.525	2.19646
	24	10	1.01485	0.00397019	-95.3888	2.77895
	24	11	1.03379	0.00333212	-92.3974	2.31008
	24	12	1.00426	0.00129723	-91.6729	1.67134
	24	13	1.02173	0.0023815	-64.1173	2.81261
	24	14	1.06512	0.0022052	-100.812	2.33333
	24	15	1.02927	0.00138471	-85.0768	1.57423
	24	16	0.951709	0.0027051	-70.1055	2.19667
	24	17	0.977926	0.00145359	-83.4467	1.79005
	24	18	0.982581	0.00342206	-107.46	4.42489
	24	19	0.97984	0.00398542	-92.8257	2.94119
	24	20	0.985943	0.00284932	-100.739	3.66075
	24	21	0.966735	0.00194705	-72.5953	2.35403
	24	22	1.04046	0.00356276	-91.8288	2.55674
	24	23	0.951783	0.00137275	-84.0639	1.72626
	24	24	0.981922	0.00132693	-74.9927	1.66631
	24	25	0.983872	0.00279264	-134.824	3.64649
	24	26	0.943734	0.00155676	-72.08	1.98265
	24	27	0.947175	0.00542491	-61.3268	7.32445
	24	28	0.992725	0.0067623	-107.328	9.21648
	24	29	1.01616	0.0039322	-130.736	5.33816
	24	30	1.02988	0.00353613	-155.171	4.7627
	24	31	0	0	0	0
	25	0	0	0	0	0
	25	1	1.05565	0.00246327	-86.3023	2.84805
	25	2	1.04646	0.0143247	-137.142	19.4607
	25	3	1.06692	0.0033688	-93.5617	4.14242
	25	4	1.02472	0.00644121	-97.7527	8.62693
	25	5	1.0292	0.00207492	-68.4811	2.70895
	25	6	1.10089	0.00168385	-80.229	2.12887
	25	7	1.06089	0.00800379	-54.5554	4.13684
	25	8	0.999007	0.000900513	-52.8313	1.17335
	25	9	1.02793	0.00504852	-63.1915	6.61464
	25	10	1.00937	0.00280993	-76.1649	3.70847
	25	11	1.01676	0.000816247	-64.2625	0.909789
	25	12	0.98579	0.00138971	-60.373	1.68025
	25	13	1.01428	0.00140938	-44.1126	1.22995
	25	14	1.03583	0.0184429	-68.7114	7.60357
	25	15	1.02262	0.00107813	-63.627	0.901643
	25	16	0.936437	0.00178964	-40.6776	1.21078
	25	17	0.96054	0.000974038	-51.4635	1.25669
	25	18	0.951426	0.00254313	-58.2774	3.31387
	25	19	0.966347	0.00102445	-67.03	1.3358
	25	20	0.959206	0.00106323	-57.774	1.10118
	25	21	0.971234	0.00320399	-66.6811	4.15596
	25	22	1.02333	0.00289209	-62.8978	3.7456
	25	23	0.93434	0.000791987	-51.3142	0.631585
	25	24	0.997571	0.00445584	-85.7596	5.82343
	25	25	0.955134	0.0027063	-89.4594	3.59989
	25	26	0.931632	0.000902427	-48.7377	1.18054
	25	27	0.961569	0.000851178	-73.5111	1.0907
	25	28	0.956434	0.00478071	-54.5543	6.39193
	25	29	0.958718	0.00106073	-47.5371	1.3804
	25	30	0.962451	0.00550543	-58.0065	7.33797
	25	31	0.969708	0.00620532	-57.8789	8.31676
	26	0	1.15324	0.0338962	-209.629	44.5029
	26	1	1.15525	0.00339517	-174.938	4.26343
	26	2	1.0364	0.00195989	-79.1286	2.36597
	26	3	1.10033	0.00241714	-89.1929	2.60175
	26	4	1.03997	0.0013837	-71.4265	1.69936
	26	5	1.21956	0.00345994	-264.135	4.61386
	26	6	1.17084	0.00739667	-122.86	9.56758
	26	7	1.11563	0.00666049	-72.4179	8.55974
	26	8	1.03616	0.000842575	-55.1857	1.11075
	26	9	1.05532	0.000654504	-50.8593	0.550248
	26	10	1.03491	0.00107438	-64.5362	1.3273
	26	11	1.05533	0.00240865	-65.3953	1.97702
	26	12	1.01368	0.00470284	-56.2112	2.24557
	26	13	1.04873	0.00168879	-44.6627	1.21184
	26	14	1.08345	0.00224326	-72.3763	1.55972
	26	15	1.05674	0.00147582	-61.3319	1.07711
	26	16	0.97266	0.00238739	-47.0302	3.04036
	26	17	0.994049	0.00210768	-47.6076	1.24171
	26	18	0.972891	0.000896956	-43.5244	1.09562
	26	19	0.99762	0.00237455	-63.5718	1.44027
	26	20	0.994652	0.000742002	-60.2499	0.957574
	26	21	0.98918	0.00102989	-45.1268	0.935193
	26	22	1.05583	0.00103017	-58.8975	1.20972
	26	23	0.965937	0.000863429	-49.2725	1.07569
	26	24	1.00692	0.00110684	-53.1452	1.36371
	26	25	0.973724	0.00185275	-70.5867	1.35446
	26	26	0.960054	0.00130667	-43.7955	1.60823
	26	27	0.995366	0.000956483	-73.1849	1.18564
	26	28	0.978749	0.00157539	-39.6024	1.97517
	26	29	1.03027	0.00699798	-96.7893	9.01577
	26	30	0.972074	0.00178249	-27.8471	2.22912
	26	31	0.985542	0.00158501	-34.7708	1.98973
	27	2	1.30546	0.0145542	-467.949	24.823
	27	3	1.08576	0.0018172	-105.976	2.30504
	27	4	1.02961	0.00137856	-90.1846	1.54406
	27	5	1.10313	0.0020622	-152.412	2.74523
	27	6	1.17038	0.0109179	-154.782	14.1551
	27	7	1.0918	0.001096	-74.6437	1.35736
	27	8	1.02665	0.00108573	-74.5887	1.3631
	27	9	1.04282	0.0010348	-68.7133	1.26881
	27	10	1.02334	0.00107187	-80.0329	1.33295
	27	11	1.03873	0.00146289	-81.8568	1.34685
	27	12	1.00823	0.00100721	-76.3804	0.923937
	27	13	1.04842	0.00413825	-75.3273	5.39729
	27	14	1.07593	0.00229719	-92.3537	1.64386
	27	15	1.04408	0.000726272	-77.624	0.882937
	27	16	0.943402	0.00510125	-39.2036	6.63676
	27	17	0.980194	0.00201149	-61.7244	1.36462
	27	18	0.962728	0.000933452	-60.4391	1.17883
	27	19	0.986487	0.00182772	-80.447	1.19254
	27	20	0.991852	0.0053215	-87.9803	6.94368
	27	21	0.975188	0.00286701	-59.1169	2.018
	27	22	1.04116	0.00116981	-73.0784	1.2987
	27	23	0.95111	0.00204247	-59.6676	1.63326
	27	24	0.994194	0.00716683	-68.6739	3.61831
	27	25	0.964618	0.00111781	-89.059	1.45086
	27	26	0.95291	0.00122223	-64.0877	1.54885
	27	27	0.980315	0.00104389	-85.7446	1.32604
	27	28	0.959624	0.00607286	-51.2918	3.153
	27	29	0.983068	0.0014762	-66.2391	1.93047
	27	30	0.962085	0.00147542	-44.6086	1.8481
	27	31	0	0	0	0
	28	3	1.08397	0.00397395	-114.239	4.71016
	28	4	1.02293	0.001443	-93.5472	1.77452
	28	5	1.17606	0.025919	-233.604	38.039
	28	6	1.1141	0.00186878	-98.4331	2.38377
	28	7	1.17681	0.0188674	-177.17	25.051
	28	8	1.01844	0.00124951	-76.1939	1.46269
	28	9	1.03487	0.00105499	-70.6475	1.308
	28	10	1.01853	0.00138146	-86.2177	1.76175
	28	11	1.03355	0.000787384	-85.0121	1.07459
	28	12	1.02302	0.00306543	-107.241	4.14763
	28	13	1.05036	0.00252738	-90.3607	3.37633
	28	14	1.06884	0.000988185	-94.9433	1.25348
	28	15	1.03831	0.00121094	-83.0236	1.51469
	28	16	0.956277	0.00151719	-65.7365	1.92635
	28	17	0.978537	0.00203296	-68.4796	1.67469
	28	18	0.956055	0.0015779	-62.4036	1.55141
	28	19	1.00413	0.00725496	-114.388	9.47948
	28	20	0.975913	0.00108923	-77.9007	1.25977
	28	21	0.968389	0.0013952	-63.352	1.23989
	28	22	1.03697	0.00118634	-78.538	1.52934
	28	23	0.936341	0.00554436	-62.7626	2.96835
	28	24	1.1147	0.0216218	-215.33	28.0259
	28	25	0.959241	0.000974978	-93.2487	1.2033
	28	26	0.946445	0.00126558	-64.8918	1.05067
	28	27	0.978142	0.00132965	-93.2447	1.62515
	28	28	0.962648	0.00138488	-59.3379	1.76959
	28	29	0.976459	0.00127632	-69.0388	1.64249
	28	30	0.961383	0.00343547	-54.1222	4.5502
	28	31	0.986548	0.00970935	-78.0131	12.8102
	29	3	1.12911	0.0246939	-156.63	31.1459
	29	4	1.00161	0.00170373	-75.7599	2.19162
	29	5	1.02182	0.00185348	-68.193	2.05989
	29	6	1.0956	0.00242047	-84.0284	3.03356
	29	7	1.06284	0.00475899	-59.7213	6.29662
	29	8	1.10968	0.00430587	-213.315	6.10065
	29	9	1.01678	0.00131131	-57.6589	1.62415
	29	10	1.00044	0.00126984	-74.0694	1.57231
	29	11	1.03783	0.012548	-101.336	16.4113
	29	12	0.9804	0.000775249	-61.7418	1.05375
	29	13	1.00986	0.00122899	-47.7393	1.69958
	29	14	1.04524	0.0010911	-75.578	1.28813
	29	15	1.01542	0.000956942	-62.9905	1.21182
	29	16	0.930518	0.00128637	-42.0313	1.6484
	29	17	0.951152	0.00159173	-47.6017	1.32435
	29	18	0.934608	0.00120866	-45.6299	1.51536
	29	19	0.961043	0.00149134	-68.656	1.89136
	29	20	0.982163	0.0125381	-95.9468	16.1033
	29	21	0.950166	0.001306	-47.2028	1.63094
	29	22	1.01252	0.0012784	-58.3049	1.49024
	29	23	0.929454	0.00144971	-53.0893	1.80679
	29	24	0.984871	0.00610166	-78.1204	8.17259
	29	25	0.939625	0.00160543	-76.0605	2.22958
	29	26	0.927748	0.00139523	-51.0872	1.78226
	29	27	0.962381	0.00788285	-83.4486	10.5349
	29	28	0.947345	0.00274237	-49.2371	3.71138
	29	29	0.991994	0.00994987	-100.509	13.2755
	29	30	0.933549	0.00121861	-27.656	1.52256
	29	31	0	0	0	0
	30	3	1.14419	0.0209056	-133.814	27.4397
	30	5	1.12975	0.0163751	-129.616	21.0211
	30	6	1.13688	0.00520133	-70.1821	5.0433
	30	7	1.20292	0.0313881	-140.431	40.6915
	30	8	1.04246	0.00086232	-55.2113	1.06618
	30	9	1.17282	0.0305118	-165.181	41.6505
	30	10	1.04502	0.00170572	-67.9503	1.99118
	30	11	1.189	0.0269871	-202.808	35.1728
	30	12	1.02983	0.00112501	-63.5761	1.4004
	30	13	1.06157	0.00112555	-50.9004	1.37977
	30	14	1.09649	0.00151195	-76.4921	1.70226
	30	15	1.06914	0.00153012	-68.3457	1.81082
	30	16	0.977563	0.000982244	-44.2288	1.32279
	30	17	0.999535	0.000678025	-50.346	0.955875
	30	18	0.977896	0.00162966	-42.1864	2.13856
	30	19	1.00833	0.00177756	-69.0124	2.13132
	30	20	1.00349	0.00102487	-63.0077	1.21418
	30	21	0.998919	0.00150306	-49.184	1.73218
	30	22	1.06593	0.00136031	-63.6673	1.42807
	30	23	0.973643	0.00168023	-51.5128	2.07215
	30	24	1.01655	0.00141756	-57.4428	1.51398
	30	25	0	0	0	0
	30	26	1.06473	0.031833	-156.524	46.6094
	30	27	1.00913	0.00278798	-83.6134	3.43637
	30	28	1.03613	0.00702809	-107.125	9.23313
	30	29	1.10627	0.0287175	-160.031	38.6007
	30	30	1.0157	0.00381514	-75.7082	5.03232
	30	31	0	0	0	0
	31	0	1.09738	0.0447873	-270.436	36.6048
	31	3	0	0	0	0
	31	6	0	0	0	0
	31	7	0	0	0	0
	31	8	1.13242	0.0394232	-182.952	52.6592
	31	9	1.05061	0.0052439	-71.3522	5.72047
	31	10	0	0	0	0
	31	11	1.05433	0.00894633	-93.592	12.6277
	31	12	0	0	0	0
	31	13	1.12565	0.0152721	-170.079	20.0104
	31	14	0	0	0	0
	31	15	0	0	0	0
	31	16	0.963162	0.00164386	-57.3917	1.92376
	31	17	0	0	0	0
	31	18	0	0	0	0
	31	19	1.03713	0.00498071	-139.498	6.44919
	31	20	0.984891	0.00197178	-71.6057	2.34701
	31	21	1.04626	0.0177324	-132.024	23.7043
	31	22	1.11526	0.0233975	-143.306	29.1866
	31	23	0.964875	0.00226865	-68.7364	2.74027
	31	24	0.997398	0.00295054	-68.6097	2.84379
	31	25	0	0	0	0
	31	26	1.01616	0.0179016	-120.214	22.4071
	31	27	0.977208	0.0060139	-75.0091	7.75624
	31	28	0.997978	0.00628785	-86.5537	8.51258
	31	29	0	0	0	0
	31	30	1.06383	0.0271493	-142.421	34.8604
	31	31	0.990862	0.00443948	-66.6583	5.37143
