8                   16                  5.24363             1959.06             10.1409             

9                   16                  20.7856             1961.49             11.6566             
9                   17                  20.3137             1968.22             15.9195             
9                   18                  17.3432             1982.4              17.7293             
9                   19                  16.0222             1993.07             17.9503             
9                   20                  11.2476             2012.26             21.0393             
9                   21                  14.2461             2027.23             16.2595             
9                   22                  10.7653             2043.22             16.4598             

10                  16                  55.0057             1954.49             12.4655             
10                  17                  58.5368             1962.02             15.3439             
10                  18                  48.8801             1974.29             17.928              
10                  19                  45.3251             1989.53             18.1087             
10                  20                  31.2051             2004.93             19.4967             
10                  21                  26.4249             2015.98             18.8106             
10                  22                  23.3787             2028.05             18.1578             
10                  23                  21.7233             2033.89             12.5563             
10                  24                  7.31046             2030                16.8299             

11                  16                  126.501             1948.7              11.9455             
11                  17                  124.156             1955.3              14.8419             
11                  18                  100.221             1965.92             17.1858             
11                  19                  85.5709             1978.84             18.3348             
11                  20                  69.2569             1991.06             19.6066             
11                  21                  52.2595             2002.93             18.7815             
11                  22                  40.0582             2012.53             19.9558             
11                  23                  27.6955             2015.42             18.6665             
11                  24                  22.0334             2011.99             17.6719             

12                  16                  223.15              1941.82             10.9922             
12                  17                  215.855             1948.07             13.1631             
12                  18                  191.837             1956.64             14.7366             
12                  19                  143.231             1967.66             17.2679             
12                  20                  120.027             1977.94             17.8323             
12                  21                  96.9441             1987.01             18.2799             
12                  22                  74.2655             1993.19             19.5961             
12                  23                  52.6231             1995.51             18.8791             
12                  24                  34.334              1996.44             18.4416             
12                  25                  13.6522             1988.19             16.0971             

13                  15                  30.5094             1929.75             13.3125             
13                  16                  328.111             1934.52             10.1721             
13                  17                  340.709             1939.26             11.4685             
13                  18                  296.623             1947.35             12.9618             
13                  19                  241.066             1956.89             14.6001             
13                  20                  186.923             1964.9              15.7013             
13                  21                  160.395             1973.56             15.3328             
13                  22                  110.174             1977.65             16.4202             
13                  23                  82.6196             1979.15             16.7674             
13                  24                  56.3216             1978.47             16.5711             
13                  25                  24.0704             1971.24             16.8197             

14                  16                  391.808             1929.42             9.62943             
14                  17                  408.546             1933.5              10.4026             
14                  18                  372.4               1941.21             11.2517             
14                  19                  322.354             1948.71             11.7583             
14                  20                  256.136             1955.6              13.1887             
14                  21                  233.636             1961.7              12.269              
14                  22                  177.27              1965.39             12.3976             
14                  23                  134.995             1966.64             12.4611             
14                  24                  77.8834             1965.01             12.7524             
14                  25                  35.7813             1959.41             13.7823             
14                  26                  5.70198             1951.62             14.023              

15                  15                  29.9227             1921.53             11.2092             
15                  16                  248.695             1927.17             9.74658             
15                  17                  276.959             1931.64             10.2314             
15                  18                  283.917             1938.58             10.5138             
15                  19                  249.268             1944.95             10.8632             
15                  20                  218.279             1951.75             10.8871             
15                  21                  180.14              1956.21             10.4114             
15                  22                  156.702             1959.83             9.3582              
15                  23                  115.729             1960.79             9.6919              
15                  24                  68.0935             1958.85             10.3845             
15                  25                  33.6774             1953.98             10.6783             
15                  26                  6.50919             1945.08             11.3901             

16                  16                  18.3872             1925.64             11.3265             
16                  17                  20.4534             1929.79             12.6245             
16                  18                  17.4612             1933.83             14.3915             
16                  19                  14.5827             1939.32             17.5852             
16                  20                  10.1012             1945.49             18.6796             
16                  21                  6.5576              1947.48             21.1409             
16                  22                  7.91368             1956.9              13.5871             
16                  23                  6.81703             1960.85             12.0837             
