16                  4                   26.8018             1189.37             7.18623             
16                  5                   62.4315             1191.06             8.1025              
16                  6                   150.308             1192.41             7.99798             
16                  7                   231.873             1193.4              8.11536             
16                  8                   284.154             1194.55             8.46407             
16                  9                   348.373             1194.28             8.18609             
16                  10                  380.221             1195.07             8.19967             
16                  11                  418.094             1195.58             8.00938             
16                  12                  407.705             1195.87             8.11645             
16                  13                  431.459             1196.18             7.7417              
16                  14                  382.276             1195.67             7.99581             
16                  15                  363.197             1195.96             8.0029              
16                  16                  237.932             1196.75             7.80619             

17                  4                   30.7329             1190.35             6.2459              
17                  5                   97.3509             1191.13             7.48073             
17                  6                   208.07              1192.02             7.81878             
17                  7                   345.065             1192.47             7.74812             
17                  8                   456.39              1193.22             7.88927             
17                  9                   507.788             1194.22             7.6509              
17                  10                  529.63              1195.09             7.93347             
17                  11                  589.813             1195.74             7.70501             
17                  12                  581.528             1195.87             7.76377             
17                  13                  586.313             1196.22             7.86345             
17                  14                  574.101             1195.74             7.67144             
17                  15                  516.55              1195.2              7.58549             
17                  16                  333.343             1195.98             7.54065             
17                  17                  8.89203             1196.2              7.49478             

18                  4                   17.2517             1191.06             6.91028             
18                  5                   80.6537             1190.55             7.85068             
18                  6                   171.21              1191.46             7.99435             
18                  7                   276.359             1192.54             7.70718             
18                  8                   386.776             1193.68             7.91428             
18                  9                   458.805             1194.38             8.07027             
18                  10                  515.964             1195.17             7.90198             
18                  11                  534.079             1195.97             7.9344              
18                  12                  589.995             1196.28             7.66702             
18                  13                  531.408             1196.19             7.92098             
18                  14                  523.795             1195.79             7.7644              
18                  15                  466.785             1195.77             7.69095             
18                  16                  317.784             1196.42             7.44606             
18                  17                  12.8075             1198.21             6.75332             

19                  4                   14.4066             1192.48             6.80368             
19                  5                   52.6354             1192.64             7.94561             
19                  6                   105.997             1192.1              8.00155             
19                  7                   211.385             1193.11             7.92744             
19                  8                   304.346             1194.35             8.27648             
19                  9                   383.3               1194.87             8.25417             
19                  10                  440.647             1195.73             7.87839             
19                  11                  485.839             1196.27             7.91919             
19                  12                  482.739             1196.85             7.96506             
19                  13                  488.779             1196.59             7.80293             
19                  14                  479.905             1196.72             7.66236             
19                  15                  420.064             1196.95             7.73437             
19                  16                  260.172             1197                7.64954             
19                  17                  7.01521             1195.81             10.3237             

20                  5                   26.5391             1193.56             8.00105             
20                  6                   75.7009             1193.59             7.45316             
20                  7                   123.845             1193.5              7.54777             
20                  8                   193.322             1194.31             8.4868              
20                  9                   265.289             1194.52             8.1479              
20                  10                  310.277             1195.32             8.23813             
20                  11                  345.64              1195.86             8.18369             
20                  12                  373.324             1196.46             7.96776             
20                  13                  386.384             1196.76             8.00419             
20                  14                  352.264             1197.13             8.12103             
20                  15                  323.843             1197.21             8.02178             
20                  16                  177.44              1197.42             8.2158              

21                  5                   9.12275             1191.18             8.11167             
21                  6                   37.9572             1193.16             7.96546             
21                  7                   74.9565             1194.04             7.5558              
21                  8                   111.722             1193.1              7.58608             
21                  9                   154.408             1194.63             8.47893             
21                  10                  198.958             1195.12             8.60591             
21                  11                  247.272             1195.78             8.36979             
21                  12                  263.329             1196.02             8.3842              
21                  13                  268.672             1196.38             8.483               
21                  14                  255.983             1196.54             8.48117             
21                  15                  209.704             1196.53             8.46978             
21                  16                  111.141             1197.17             8.69384             

22                  6                   14.2211             1194.34             8.91332             
22                  7                   32.2736             1194.56             7.26513             
22                  8                   49.1923             1193.86             7.41617             
22                  9                   75.962              1194.45             8.33295             
22                  10                  96.9189             1193.95             8.43244             
22                  11                  119.981             1195.22             8.66672             
22                  12                  133.324             1196.1              8.62195             
22                  13                  137.146             1195.68             8.69169             
22                  14                  111.433             1196.32             8.3598              
22                  15                  97.8238             1196.03             8.27754             
22                  16                  46.5004             1196.18             7.44231             

23                  7                   14.8301             1192.65             6.04572             
23                  8                   22.6466             1194.36             7.21983             
23                  9                   26.8824             1193.11             8.61543             
23                  10                  39.645              1194.28             8.12209             
23                  11                  48.3424             1194.97             7.98571             
23                  12                  50.4297             1195.4              8.16978             
23                  13                  48.4893             1196.63             8.05436             
23                  14                  50.6469             1196.24             7.71191             
23                  15                  26.2604             1196.69             8.46606             
23                  16                  15.4891             1198.05             6.65115             

24                  8                   4.71965             1194.34             8.81575             
24                  9                   11.555              1195.86             6.50152             
24                  10                  12.2444             1194.17             7.77702             
24                  11                  13.9088             1196.57             8.04882             
24                  12                  13.9745             1196.54             6.87842             
24                  13                  13.1244             1196.3              8.06385             
24                  14                  13.8346             1199.18             7.19498             
24                  15                  7.18432             1197.08             10.0855             
