
4                   7                   5.22809             974.167             10.1482             
4                   8                   3.10573             974.851             17.0521             
4                   9                   5.26696             974.87              11.2034             
4                   10                  4.49152             977.474             9.25527             
4                   11                  1.78356             978.557             18.5929             
4                   12                  4.88352             979.457             11.9365             
4                   13                  3.78504             982.4               11.8363             
4                   14                  2.78234             985.083             16.4963             
4                   15                  4.69635             984.092             9.84283             
4                   16                  4.50902             989.221             8.23611             

5                   4                   6.46097             975.36              6.22803             
5                   5                   3.77344             975.026             10.6612             
5                   6                   4.73248             978.168             9.46398             
5                   7                   7.16736             976.105             8.31932             
5                   8                   5.74875             972.055             13.0117             
5                   9                   5.93318             976.883             10.244              
5                   10                  7.46918             978.407             10.377              
5                   11                  5.25608             976.149             14.4096             
5                   12                  8.48993             982.608             8.65219             
5                   13                  6.91798             983.649             8.64966             
5                   14                  5.78395             983.651             10.7816             
5                   15                  6.68283             987.149             7.09511             
5                   16                  3.88857             985.108             16.7519             

6                   3                   5.64678             973.269             8.53605             
6                   4                   7.03181             977.47              7.44719             
6                   5                   8.10925             975.304             10.8431             
6                   6                   9.30271             974.912             9.46483             
6                   7                   12.7687             976.547             10.6395             
6                   8                   11.7713             976.738             9.429               
6                   9                   10.6047             977.347             13.6194             
6                   10                  9.59492             978.265             11.3099             
6                   11                  6.01673             979.608             13.1105             
6                   12                  9.79854             980.823             9.8479              
6                   13                  11.3162             982.55              8.30192             
6                   14                  7.07961             984.138             13.572              
6                   15                  13.4168             982.986             7.6325              
6                   16                  11.1426             991.171             7.60776             

7                   1                   3.51696             972.933             6.58279             
7                   2                   4.69722             971.774             12.098              
7                   3                   6.19246             970.286             9.89401             
7                   4                   8.92161             977.297             11.0098             
7                   5                   15.4589             973.507             8.42874             
7                   6                   17.6018             977.13              10.4434             
7                   7                   19.9177             977.262             10.3937             
7                   8                   17.0805             981.015             11.4552             
7                   9                   18.4107             980.189             10.0914             
7                   10                  14.2992             982.552             10.2867             
7                   11                  11.0288             980.013             10.7452             
7                   12                  12.9568             982.879             8.87023             
7                   13                  15.4387             983.161             7.77589             
7                   14                  14.0646             985.545             9.77674             
7                   15                  18.2062             986.388             8.27524             
7                   16                  11.7609             988.611             7.93963             

8                   2                   6.65646             973.523             10.5429             
8                   3                   8.80157             968.986             13.2094             
8                   4                   14.8477             972.829             9.08015             
8                   5                   19.5955             974.298             10.5284             
8                   6                   26.8925             976.405             8.67038             
8                   7                   25.3826             975.686             9.39991             
8                   8                   26.5515             978.635             10.0297             
8                   9                   22.1245             979.217             8.56191             
8                   10                  18.7776             981.83              10.5539             
8                   11                  18.0745             980.149             8.04065             
8                   12                  14.2469             983.654             10.8626             
8                   13                  11.1409             985.477             8.65283             
8                   14                  11.0753             986.007             11.9315             
8                   15                  19.9924             988.408             9.37543             
8                   16                  9.43493             991.757             14.2722             

9                   1                   4.02078             976.037             12.5355             
9                   2                   7.10681             970.074             13.8444             
9                   3                   14.5613             972.76              10.2569             
9                   4                   25.326              972.755             9.07582             
9                   5                   26.6646             972.108             10.8463             
9                   6                   25.5318             976.927             10.5                
9                   7                   27.256              976.08              9.9198              
9                   8                   27.4678             979.041             10.4629             
9                   9                   25.0579             981.576             9.30834             
9                   10                  17.09               981.249             10.7433             
9                   11                  13.9509             984.133             11.0722             
9                   12                  8.68793             983.207             14.0971             
9                   13                  11.5683             985.964             10.0315             
9                   14                  17.5536             988.016             8.44493             
9                   15                  21.5556             988.485             8.82767             
9                   16                  19.8057             988.36              8.73956             

10                  1                   5.50017             973.015             10.7004             
10                  2                   11.4648             969.794             10.7717             
10                  3                   22.4497             969.927             10.5962             
10                  4                   29.0143             971.397             10.3549             
10                  5                   25.8718             972.006             11.5892             
10                  6                   39.3909             973.589             8.77186             
10                  7                   31.1301             976.076             11.2372             
10                  8                   31.9222             976.502             9.27361             
10                  9                   29.4421             980.627             8.95004             
10                  10                  16.0421             982.16              9.99535             
10                  11                  15.1005             983.931             10.6985             
10                  12                  14.3573             984.071             9.68254             
10                  13                  16.798              984.99              8.1781              
10                  14                  16.375              986.461             9.33076             
10                  15                  16.6556             987.398             9.95715             
10                  16                  16.2256             988.717             9.24239             

11                  1                   10.4552             971.094             9.57527             
11                  2                   17.7753             968.812             10.8365             
11                  3                   18.5633             969.235             12.3952             
11                  4                   37.8945             967.596             9.44934             
11                  5                   36.3048             968.745             9.27354             
11                  6                   37.2865             971.772             10.5575             
11                  7                   33.8537             975.015             9.63103             
11                  8                   32.0128             977.95              9.77518             
11                  9                   24.7799             978.936             9.1396              
11                  10                  17.1464             980.397             10.1331             
11                  11                  14.3035             984.216             9.78703             
11                  12                  7.91825             982.791             11.4595             
11                  13                  8.53379             981.957             11.9988             
11                  14                  12.257              986.853             8.89915             
11                  15                  17.2107             988.028             10.1792             
11                  16                  18.7367             988.343             9.31343             

12                  1                   9.58583             963.524             11.1689             
12                  2                   18.8396             962.604             12.0975             
12                  3                   28.5543             960.729             10.158              
12                  4                   37.2187             961.737             9.84465             
12                  5                   38.8683             964.532             10.0403             
12                  6                   38.6049             969.051             10.072              
12                  7                   30.7629             972.328             10.7263             
12                  8                   31.6136             975.201             8.95366             
12                  9                   21.6973             978.121             10.9854             
12                  10                  18.6777             980.005             8.64017             
12                  11                  8.25488             980.836             10.5238             
12                  12                  8.03224             980.389             9.09837             
12                  13                  5.1289              982.48              10.884              
12                  14                  10.1858             987.543             9.55228             
12                  15                  13.1889             985.469             9.91989             
12                  16                  12.9879             990.765             11.2597             

13                  1                   13.5539             964.706             9.0657              
13                  2                   22.6544             956.374             10.7342             
13                  3                   34.5413             958.206             9.9784              
13                  4                   38.3243             961.461             10.5727             
13                  5                   36.2617             964.324             10.6311             
13                  6                   33.9033             966.963             10.1071             
13                  7                   33.6044             971.557             10.0574             
13                  8                   23.8496             973.592             11.3863             
13                  9                   14.2071             979.868             12.0399             
13                  10                  10.3051             980.26              11.9593             
13                  11                  7.0288              984.365             10.3563             
13                  12                  7.82271             985.298             10.3043             
13                  13                  3.79751             987.732             10.8321             
13                  14                  8.67503             987.232             7.66911             
13                  15                  12.1414             984.947             9.59149             
13                  16                  11.0621             989.343             12.1373             

14                  1                   11.8552             961.475             11.4848             
14                  2                   22.0443             957.183             10.4189             
14                  3                   32.9798             961.079             10.6499             
14                  4                   42.2558             961.04              10.1215             
14                  5                   41.9268             963.373             10.2571             
14                  6                   38.3431             969.084             9.07519             
14                  7                   30.3524             970.711             9.1216              
14                  8                   23.745              975.088             9.65004             
14                  9                   12.8965             980.763             10.8298             
14                  10                  7.6334              979.933             15.2206             
14                  11                  5.51139             982.393             13.5017             
14                  12                  2.35257             984.122             26.2094             
14                  13                  2.70498             985.475             11.4405             
14                  14                  4.20564             983.89              16.1186             
14                  15                  4.5059              984.341             13.7915             
14                  16                  8.75993             990.638             12.0007             

15                  1                   9.71565             959.24              12.7194             
15                  2                   14.8557             964.277             11.8793             
15                  3                   22.714              968.256             11.0002             
15                  4                   27.1829             970.134             9.00719             
15                  5                   21.8173             971.334             12.6907             
15                  6                   26.8075             971.245             10.4404             
15                  7                   16.3105             975.178             11.5783             
15                  8                   10.0026             979.369             11.6218             
15                  9                   8.05333             983.177             9.21318             
15                  10                  4.76865             981.638             11.0997             
