16                  17                  181.633             1554.72             7.83204             
16                  18                  254.391             1555.34             7.62172             
16                  19                  171.686             1558.66             8.24359             
16                  20                  55.748              1562.91             8.71446             
16                  21                  5.13824             1567.77             13.7178             

17                  17                  283.693             1556.84             7.36404             
17                  18                  420.924             1554.24             6.86433             
17                  19                  247.17              1556.75             8.27723             
17                  20                  55.2216             1564.15             10.3821             
17                  21                  7.9028              1573.96             12.5919             

18                  17                  257.644             1559.9              7.95211             
18                  18                  345.686             1558.23             7.90522             
18                  19                  148.25              1561.89             9.84023             
18                  20                  28.0715             1570.37             15.8579             

19                  17                  192.043             1562.86             7.64181             
19                  18                  194.261             1563.01             9.21346             
19                  19                  60.4786             1570.28             12.0501             
19                  20                  10.2786             1585.29             17.8006             

20                  17                  96.1812             1563.9              8.86427             
20                  18                  73.1232             1569.16             10.2915             
20                  19                  17.9587             1582.27             16.7386             

21                  17                  33.8452             1569.48             10.0335             
21                  18                  21.3751             1571.29             10.2909             
21                  19                  6.74127             1589.59             16.1736             

22                  17                  8.53159             1573.09             10.4578             
22                  18                  5.14137             1577.57             13.139              

23                  17                  3.54992             1578.84             5.9183              
23                  18                  7.99959             1579.27             5.64666             
