16                  17                  4.8954              924.322             10.2943             
16                  18                  17.8311             924.238             7.36876             
16                  19                  19.0421             921.639             11.3365             
16                  20                  24.6571             920.816             9.44755             
16                  21                  27.1604             917.302             9.88438             
16                  22                  20.6256             918.42              10.4204             
16                  23                  13.8502             918.212             11.1882             
16                  24                  11.0953             915.278             10.2446             
16                  25                  5.68546             914.325             10.311              
16                  26                  4.02599             918.15              6.78913             

17                  17                  8.12741             931.007             9.65286             
17                  18                  22.2889             924.273             10.5956             
17                  19                  33.2847             920.812             9.24079             
17                  20                  32.5794             918.695             9.56347             
17                  21                  34.722              916.541             9.01325             
17                  22                  33.6133             916.278             9.14732             
17                  23                  20.8577             914.855             9.69347             
17                  24                  19.367              915.214             9.07484             
17                  25                  9.96518             911.784             9.4587              

18                  17                  11.5983             933.196             9.6297              
18                  18                  26.6258             923.994             9.5434              
18                  19                  28.9072             919.919             10.5005             
18                  20                  38.3862             918.842             9.32027             
18                  21                  41.3285             916.554             7.86362             
18                  22                  35.1554             913.971             8.61323             
18                  23                  26.2519             916.863             8.45733             
18                  24                  14.3753             914.148             6.38971             
18                  25                  7.64441             914.387             8.63516             

19                  17                  9.92275             931.716             10.0322             
19                  18                  30.803              924.826             8.88344             
19                  19                  35.5719             921.229             9.25794             
19                  20                  33.8089             916.546             9.8091              
19                  21                  30.6883             915.865             9.42239             
19                  22                  29.8653             915.489             8.80304             
19                  23                  19.9571             913.535             8.81165             
19                  24                  12.4185             915.887             9.78439             
19                  25                  7.28514             913.922             9.54826             

20                  17                  9.84371             926.335             12.5611             
20                  18                  29.3913             921.496             9.37637             
20                  19                  34.6583             920.172             9.21748             
20                  20                  34.2871             919.134             9.16219             
20                  21                  33.4053             916.677             8.9002              
20                  22                  22.8043             915.24              9.28035             
20                  23                  13.9892             915.944             10.3423             
20                  24                  11.6841             913.946             9.11221             
20                  25                  5.43379             912.764             9.08288             

21                  17                  16.2099             924.361             8.41033             
21                  18                  35.6845             919.52              9.03224             
21                  19                  30.1383             920.058             10.2645             
21                  20                  30.2135             919.089             9.59187             
21                  21                  25.5578             918.104             9.05757             
21                  22                  19.7262             915.066             10.194              
21                  23                  11.6049             918.305             8.92472             
21                  24                  6.44405             914.609             7.27881             
21                  25                  3.44686             915.569             11.9277             

22                  17                  16.713              921.277             10.1694             
22                  18                  31.8965             920.774             8.47572             
22                  19                  28.9857             916.392             9.18459             
22                  20                  26.0999             918.405             8.44539             
22                  21                  19.2537             918.504             8.81533             
22                  22                  9.24958             918.388             11.9543             
22                  23                  7.43505             922.064             10.5257             
22                  24                  3.63072             916.466             9.7885              
22                  25                  2.19488             918.816             12.4355             
22                  26                  2.15416             918.691             10.028              

23                  17                  13.5621             922.004             12.3149             
23                  18                  28.9455             919.516             8.63419             
23                  19                  30.2908             916.934             7.84262             
23                  20                  21.655              917.843             8.66608             
23                  21                  12.0233             918.833             8.6388              
23                  22                  12.7177             916.964             8.74719             
23                  23                  7.17868             921.114             6.46805             

24                  17                  13.7194             921.619             7.2064              
24                  18                  22.2406             918.72              8.65828             
24                  19                  15.2461             919.013             10.93               
24                  20                  15.9482             918.195             8.81965             
24                  21                  9.74371             917.903             10.8508             
24                  22                  7.04815             922.575             10.6567             
24                  23                  5.9676              913.549             4.29596             

25                  17                  8.59411             918.456             10.3299             
25                  18                  18.508              919.065             8.868               
25                  19                  11.7024             921.216             8.41007             
25                  20                  7.09654             917.542             12.9589             
25                  21                  3.18376             919.121             14.1897             
25                  22                  3.1298              917.195             11.0426             

26                  17                  4.30996             918.813             13.4056             
26                  18                  10.8346             921.114             10.3575             
26                  19                  7.84027             919.406             10.0122             

27                  17                  3.99932             924.394             7.24715             
27                  18                  5.05205             926.927             11.4594             
27                  19                  3.84145             918.034             9.34056             
