15                  25                  7.17203             988.519             14.4866             
15                  26                  6.07992             977.776             10.9219             

16                  23                  10.004              999.706             10.2892             
16                  24                  13.638              997.07              10.437              
16                  25                  21.8382             990.845             10.6279             
16                  26                  27.4538             982.651             12.2344             
16                  27                  28.4967             981.075             12.3727             
16                  28                  26.9193             989.246             11.8791             
16                  29                  25.4836             992.617             11.8756             
16                  30                  20.1765             992.465             11.7761             
16                  31                  10.4592             992.453             10.1429             

17                  23                  10.876              998.3               13.6837             
17                  24                  20.7512             997.526             11.223              
17                  25                  35.6773             993.434             10.1835             
17                  26                  36.6762             986.946             11.8292             
17                  27                  48.7429             982.996             11.2828             
17                  28                  42.6122             987.638             12.1419             
17                  29                  40.8676             990.853             10.8046             
17                  30                  31.6647             992.275             11.0239             
17                  31                  17.4611             992.742             9.15672             

18                  22                  15.4485             1001.78             7.85764             
18                  23                  23.8739             1002.35             8.49763             
18                  24                  28.8814             998.676             9.87545             
18                  25                  35.1863             997.87              11.5415             
18                  26                  50.6126             994.667             9.95079             
18                  27                  46.4322             989.63              11.8764             
18                  28                  47.684              990.989             11.027              
18                  29                  43.5479             994.002             10.9267             
18                  30                  33.3322             994.652             10.0462             
18                  31                  16.7527             994.816             9.83865             

19                  20                  13.0202             1009.66             8.65765             
19                  21                  11.8077             1003.72             10.6744             
19                  22                  14.337              1004.36             11.7371             
19                  23                  19.0916             1002.85             10.9451             
19                  24                  30.4226             1002.95             11.9584             
19                  25                  33.8177             999.544             11.0113             
19                  26                  40.5967             996.697             10.8535             
19                  27                  53.0711             995.754             10.7716             
19                  28                  43.596              995.22              10.8245             
19                  29                  36.1702             995.522             10.5548             
19                  30                  26.9209             994.945             9.75                
19                  31                  9.63039             996.003             12.3548             

20                  20                  14.0288             1010.55             12.9655             
20                  21                  18.219              1010.26             9.58034             
20                  22                  16.6624             1009.04             11.6099             
20                  23                  24.1393             1006.19             11.9843             
20                  24                  32.1769             1004.47             10.9223             
20                  25                  38.4327             1002.11             10.0443             
20                  26                  46.6897             1000.61             10.3266             
20                  27                  45.6362             999.907             10.212              
20                  28                  36.9898             997.8               11.2102             
20                  29                  28.8687             996.236             10.1491             
20                  30                  16.9335             997.248             12.0527             
20                  31                  12.1326             1000.48             10.5708             

21                  16                  15.4325             1008.93             10.1853             
21                  17                  19.8602             1011.49             9.58631             
21                  18                  16.7994             1012.03             10.6252             
21                  19                  15.5315             1012.26             11.2662             
21                  20                  18.6368             1011.41             9.67679             
21                  21                  19.7958             1009.89             10.9452             
21                  22                  20.9141             1007.85             11.4765             
21                  23                  28.9305             1007.44             10.5421             
21                  24                  32.7017             1005.84             11.0405             
21                  25                  38.6137             1004.33             11.6109             
21                  26                  33.1416             1002.65             11.1225             
21                  27                  36.5465             1001.3              11.3627             
21                  28                  35.4543             999.871             11.2033             
21                  29                  28.0585             998.377             10.7884             
21                  30                  15.9122             998.149             11.4012             
21                  31                  6.67332             1000.21             13.5868             

22                  16                  10.9455             1010.18             11.6339             
22                  17                  19.8388             1011.33             11.7053             
22                  18                  28.3392             1012.92             9.91861             
22                  19                  26.0896             1012.84             10.6426             
22                  20                  20.6234             1013.58             11.7459             
22                  21                  25.2938             1011.56             11.2334             
22                  22                  25.8625             1009.85             10.2699             
22                  23                  28.0326             1009.42             11.7387             
22                  24                  35.4478             1006.97             10.5342             
22                  25                  31.3934             1004.38             11.7045             
22                  26                  37.414              1005.23             10.7865             
22                  27                  29.5618             1004.13             11.9846             
22                  28                  26.0879             1000.82             11.7264             
22                  29                  11.9822             1000.16             13.1729             
22                  30                  12.7978             999.713             11.9239             
22                  31                  1.77534             990.401             29.9193             

23                  17                  27.1942             1014.56             9.14106             
23                  18                  33.0143             1012.05             8.99404             
23                  19                  30.5228             1014.02             9.64381             
23                  20                  29.3014             1012.3              10.1586             
23                  21                  27.2059             1012.55             11.0308             
23                  22                  35.2376             1009.64             9.77634             
23                  23                  31.4171             1009.25             10.1998             
23                  24                  31.8947             1008.48             10.5198             
23                  25                  32.2125             1008.13             10.8028             
23                  26                  36.4733             1004.72             9.97415             
23                  27                  28.3825             1002.64             10.8557             
23                  28                  16.8341             1003.25             12.2579             
23                  29                  13.2057             1002.32             9.84539             
23                  30                  6.52899             1002.29             15.9878             

24                  16                  11.1336             1011.98             12.6086             
24                  17                  22.8281             1009.1              10.2075             
24                  18                  23.7387             1009.84             10.2913             
24                  19                  35.3342             1013.9              9.51235             
24                  20                  31.7987             1011.85             10.1648             
24                  21                  30.0471             1012.13             9.51154             
24                  22                  30.0069             1012.07             9.6005              
24                  23                  34.677              1010.69             10.0585             
24                  24                  27.5623             1008.59             11.1285             
24                  25                  28.1018             1006.5              10.1503             
24                  26                  24.401              1005.85             9.91814             
24                  27                  21.9549             1003.52             11.0926             
24                  28                  13.721              1002.33             10.6028             
24                  29                  9.1692              1001.04             9.73626             
24                  30                  7.96155             999.642             7.73884             

25                  16                  8.78521             1010.6              9.63852             
25                  17                  22.2418             1013.47             9.08628             
25                  18                  23.7514             1011.16             10.8999             
25                  19                  30.8669             1014.27             8.89751             
25                  20                  28.1061             1011.49             9.48143             
25                  21                  25.2113             1011.3              10.0913             
25                  22                  18.0749             1011.79             11.2305             
25                  23                  22.3916             1012.41             11.0571             
25                  24                  21.13               1008.28             10.0108             
25                  25                  18.8904             1009.85             9.90911             
25                  26                  12.3669             1007.4              12.1668             
25                  27                  8.92833             1005.56             14.3587             
25                  28                  7.65263             1004.25             13.0147             
25                  29                  4.33775             1003.03             9.70104             

26                  17                  15.8982             1012.51             11.5016             
26                  18                  20.7597             1012.04             10.5333             
26                  19                  21.7745             1012.16             9.02173             
26                  20                  21.0455             1012.7              10.1638             
26                  21                  18.3547             1012.77             9.94431             
26                  22                  16.0329             1011.55             11.3651             
26                  23                  15.616              1008.72             11.2172             
26                  24                  13.3911             1010.08             12.2925             
26                  25                  12.9592             1007.51             9.46145             
26                  26                  9.42233             1006.25             13.1427             
26                  27                  5.05286             1006.58             13.4654             

27                  17                  11.5982             1011.99             9.53945             
27                  18                  11.4552             1012.12             10.4147             
27                  19                  12.0724             1013.51             10.3822             
27                  20                  11.1678             1011.35             11.0499             
27                  21                  10.4797             1014.24             13.5011             
27                  22                  13.3529             1015.09             7.29029             
27                  23                  8.78202             1011.47             9.60903             
27                  24                  5.15531             1012.87             13.9933             
27                  25                  7.35019             1007.04             12.1513             

28                  17                  5.07706             1010.59             12.5527             
28                  18                  7.81449             1010.9              10.1224             
28                  19                  7.18047             1010.04             8.59611             
28                  20                  5.56881             1015.53             12.2024             
28                  21                  6.62841             1010.37             12.422              

29                  17                  3.41551             1012.13             10.6389             
