9                   17                  5.18515             1807.02             11.0501             

10                  17                  16.8145             1800.18             10.834              

11                  17                  54.4801             1789.74             11.308              
11                  18                  34.9076             1797.43             14.0934             
11                  19                  12.5775             1810.85             16.8823             
11                  20                  3.21269             1817.42             17.4772             

12                  17                  113.057             1779.71             10.7657             
12                  18                  109.22              1785.47             12.583              
12                  19                  33.3613             1795.94             15.7673             
12                  20                  12.393              1807.71             10.8089             

13                  17                  146.091             1770.88             10.3252             
13                  18                  201.031             1774.08             10.7324             
13                  19                  86.4551             1783.04             13.3875             
13                  20                  22.1629             1795.92             15.7531             

14                  17                  187.328             1762.02             9.05898             
14                  18                  262.062             1765.53             9.49846             
14                  19                  138.652             1774.13             11.4384             
14                  20                  42.9628             1784                12.4192             
14                  21                  3.57115             1802.3              19.5491             

15                  17                  109.716             1757.16             8.73295             
15                  18                  166.35              1761.95             8.38244             
15                  19                  107.463             1770                9.66054             
15                  20                  31.2463             1781.43             12.0967             
15                  21                  7.2276              1790.04             10.1296             
