16                  17                  147.316             1110.97             8.12543             
16                  18                  195.033             1109.49             8.27254             
16                  19                  116.97              1108.59             8.4469              
16                  20                  47.5478             1107.99             8.30073             
16                  21                  11.7921             1108.2              6.33178             

17                  17                  232.176             1111.41             7.47971             
17                  18                  342.11              1106.34             7.13068             
17                  19                  182.962             1104.39             7.6638              
17                  20                  67.2354             1102.85             7.45255             
17                  21                  14.6895             1104.01             7.38386             

18                  17                  195.418             1110.21             7.94658             
18                  18                  275.567             1104.67             7.1634              
18                  19                  153                 1100.47             7.27033             
18                  20                  49.3799             1100.73             6.76788             
18                  21                  6.83181             1099.89             7.83039             

19                  17                  164.93              1107.96             7.99963             
19                  18                  195.008             1103.19             7.68255             
19                  19                  88.2572             1099.43             7.27052             
19                  20                  25.5714             1099.52             6.95607             

20                  17                  95.0872             1102.17             8.99065             
20                  18                  110.138             1100.62             7.39163             
20                  19                  31.5119             1100.43             8.29534             
20                  20                  9.77168             1100.27             8.55454             

21                  17                  45.7891             1098.7              9.45094             
21                  18                  47.2008             1099.03             7.43857             
21                  19                  17.0776             1097.07             5.60461             
21                  20                  5.40918             1097.87             8.40232             

22                  17                  20.2753             1099.57             8.15715             
22                  18                  12.2455             1097.41             7.9014              
22                  19                  5.16241             1096.16             10.2546             

23                  17                  3.86263             1100.12             10.1511             
23                  18                  3.86081             1104.55             7.80149             
23                  19                  2.37131             1094.81             7.79852             
