9                   17                  10.2231             1267.67             8.70655             
9                   18                  9.66718             1269.21             7.51868             

10                  17                  29.1707             1266.33             9.032               
10                  18                  25.3714             1266.49             8.16092             
10                  19                  8.86892             1265.91             10.064              

11                  17                  81.9966             1263.03             8.45513             
11                  18                  60.8049             1263.47             8.90205             
11                  19                  23.9971             1265.76             8.92378             
11                  20                  4.74513             1264.9              8.30651             

12                  17                  122.95              1261.27             8.88635             
12                  18                  132.278             1261.26             8.31549             
12                  19                  55.1735             1263.19             9.02044             
12                  20                  11.1549             1264.76             10.3965             

13                  17                  164.147             1259.27             8.90873             
13                  18                  204.221             1259.36             8.20546             
13                  19                  107.807             1260.55             8.4849              
13                  20                  29.1355             1264.46             9.71433             
13                  21                  6.75255             1265.49             9.09146             
13                  22                  6.34834             1270                8.32195             

14                  17                  194.042             1256.99             8.44447             
14                  18                  257.375             1257.32             8.40997             
14                  19                  130.736             1258.56             9.13294             
14                  20                  54.4876             1261.45             8.33706             
14                  21                  10.512              1262.09             7.658               

15                  17                  112.649             1255.44             8.95901             
15                  18                  165.374             1256.33             7.93571             
15                  19                  94.76               1259.1              8.85113             
15                  20                  34.6971             1261.67             9.7555              
15                  21                  7.74813             1263.91             10.7074             
