14                  22                  2.92437             1206.55             11.7905             
14                  23                  4.14537             1208.62             6.59816             

15                  16                  16.8072             1212.21             7.37402             
15                  17                  42.0261             1211.69             8.93661             
15                  18                  43.2176             1211.83             10.0655             
15                  19                  47.5292             1213.14             9.40474             
15                  20                  45.8725             1212.8              9.73503             
15                  21                  45.1341             1212.1              10.6192             
15                  22                  48.342              1211.95             8.80908             
15                  23                  44.7439             1210.37             9.40877             
15                  24                  31.8122             1207.56             10.8399             
15                  25                  26.6707             1202.89             10.5941             

16                  15                  5.77504             1211.65             9.32131             
16                  16                  123.702             1212.43             8.07859             
16                  17                  362.546             1213.31             8.19803             
16                  18                  443.936             1214.09             8.04295             
16                  19                  465.409             1214.71             8.18464             
16                  20                  450.256             1214.98             8.30092             
16                  21                  451.421             1214.4              8.2548              
16                  22                  409.448             1213.39             8.24075             
16                  23                  389.561             1211.54             8.16837             
16                  24                  322.549             1209.2              8.48015             
16                  25                  256.926             1204.87             8.63635             
16                  26                  144.624             1196.61             9.04358             
16                  27                  78.7269             1196.58             7.59745             
16                  28                  14.4015             1203.52             9.80803             

17                  16                  201.98              1213.37             7.71636             
17                  17                  567.048             1213.13             7.78304             
17                  18                  722.669             1213.73             7.75597             
17                  19                  712.769             1213.81             7.91441             
17                  20                  742.692             1213.81             7.78196             
17                  21                  738.031             1213.68             7.9453              
17                  22                  669.926             1212.58             7.97995             
17                  23                  593.978             1211.17             8.21865             
17                  24                  497.774             1208.9              8.43446             
17                  25                  389.016             1205.63             8.45261             
17                  26                  223.474             1200.05             8.87082             
17                  27                  95.4143             1196.67             8.71064             
17                  28                  30.6894             1203.57             6.94443             

18                  15                  7.18319             1207.22             9.05466             
18                  16                  180.346             1215.1              8.46727             
18                  17                  584.955             1214.62             7.75204             
18                  18                  679.529             1214.08             7.92617             
18                  19                  729.572             1214.07             7.83659             
18                  20                  737.077             1213.92             7.77136             
18                  21                  692.405             1213.42             7.86378             
18                  22                  653.882             1212.58             7.99542             
18                  23                  591.621             1211.09             8.02742             
18                  24                  494.555             1209.05             8.18148             
18                  25                  342.399             1206.56             8.52645             
18                  26                  206.45              1204.18             8.04025             
18                  27                  75.5904             1201.82             8.78872             
18                  28                  21.49               1204.58             7.16944             

19                  16                  163.8               1216.12             8.29027             
19                  17                  491.284             1215.31             7.93201             
19                  18                  622.766             1214.47             7.5997              
19                  19                  633.492             1214.36             7.90616             
19                  20                  642.735             1214.2              8.08467             
19                  21                  607.435             1213.17             7.84549             
19                  22                  546.364             1212.07             8.19514             
19                  23                  488.951             1210.82             8.41271             
19                  24                  407.504             1209.24             8.15992             
19                  25                  267.367             1207.64             8.38259             
19                  26                  162.212             1206.71             7.91573             
19                  27                  62.9981             1206.15             7.62233             
19                  28                  11.1341             1206.93             9.29504             

20                  16                  118.875             1215.38             8.37013             
20                  17                  394.524             1215.48             8.3025              
20                  18                  532.303             1214.56             7.68704             
20                  19                  527.162             1214.14             8.10771             
20                  20                  518.277             1213.94             8.14469             
20                  21                  500.813             1212.88             8.38146             
20                  22                  451.986             1212.04             8.47349             
20                  23                  359.224             1210.25             8.74634             
20                  24                  261.829             1208.52             8.76744             
20                  25                  170.919             1207.75             8.22704             
20                  26                  93.2085             1207.57             7.76825             
20                  27                  34.1703             1208.1              7.43829             
20                  28                  7.20732             1211.16             9.50856             

21                  16                  74.8122             1215.27             9.00734             
21                  17                  265.158             1215.05             8.68251             
21                  18                  333.893             1214.05             8.79441             
21                  19                  347.127             1213.21             8.89743             
21                  20                  359.707             1212.84             8.46048             
21                  21                  335.023             1211.46             8.50056             
21                  22                  266.818             1210.84             8.80888             
21                  23                  228.465             1210.53             8.39354             
21                  24                  150.545             1208.62             8.21206             
21                  25                  98.041              1208.73             7.28068             
21                  26                  48.5043             1209.25             7.81573             
21                  27                  11.0667             1208.56             8.06657             

22                  16                  30.7167             1216.32             8.242               
22                  17                  134.272             1214.33             8.7366              
22                  18                  172.866             1213.02             8.81065             
22                  19                  185.722             1211.87             9.16869             
22                  20                  199.721             1211.45             8.63746             
22                  21                  170.387             1211.48             8.87185             
22                  22                  149.978             1210.43             8.05777             
22                  23                  110.96              1210.01             7.97094             
22                  24                  77.769              1208.72             7.33088             
22                  25                  47.2562             1208.97             7.28549             
22                  26                  16.4784             1210.2              7.3801              
22                  27                  4.39533             1212.09             6.92378             

23                  16                  7.89798             1215.98             10.5932             
23                  17                  39.7249             1213.97             8.65295             
23                  18                  60.7023             1212.67             8.61356             
23                  19                  70.5246             1211.32             8.86094             
23                  20                  66.1747             1211.45             8.63321             
23                  21                  71.398              1211.54             8.28929             
23                  22                  62.0019             1210.8              8.05301             
23                  23                  46.01               1209.83             7.28122             
23                  24                  34.5016             1209.08             7.16552             
23                  25                  14.6858             1212.26             7.88505             
23                  26                  7.12808             1219.78             10.969              

24                  17                  8.27893             1214.21             9.60815             
24                  18                  14.7288             1213.95             8.47561             
24                  19                  19.4713             1210.01             8.29742             
24                  20                  22.5735             1211.83             7.51418             
24                  21                  20.7786             1208.96             7.68292             
24                  22                  20.1227             1209.42             7.85726             
24                  23                  15.3338             1209.5              6.96514             
24                  24                  5.30987             1209.66             8.57989             
24                  25                  4.34303             1212.16             9.08513             

25                  18                  4.61524             1211.23             8.89358             
25                  19                  5.05212             1211.7              9.64383             
25                  20                  5.12141             1207.67             7.48899             
25                  21                  7.12146             1212.48             8.5528              
25                  22                  3.92542             1210.66             8.10286             
25                  23                  4.17039             1210.48             5.51987             
