0                   8                   4.83634             754.451             7.92201             
0                   10                  5.95555             751.548             9.04616             
0                   12                  7.89572             752.891             7.06588             
0                   14                  12.5728             752.912             7.13714             
0                   16                  4.00382             754.287             7.03228             

2                   4                   5.57764             745.697             7.05523             
2                   6                   6.97351             747.463             8.77486             
2                   8                   12.4235             743.647             9.22891             
2                   10                  17.5554             747.548             9.63355             
2                   12                  22.0981             748.901             10.5094             
2                   14                  19.6309             751.032             9.13792             

4                   4                   9.02758             740.723             8.07695             
4                   6                   15.9938             743.834             9.92648             
4                   8                   27.7108             744.015             9.71805             
4                   10                  35.5257             746.757             9.61457             
4                   12                  38.4158             748.838             10.1674             
4                   14                  29.1998             752.931             10.6182             

6                   4                   11.1183             742.493             10.899              
6                   6                   27.339              744.464             9.70068             
6                   8                   44.2338             745.275             9.09929             
6                   10                  59.0078             748.97              9.90329             
6                   12                  57.7048             751.727             9.30549             
6                   14                  34.7295             754.979             9.97367             

8                   2                   7.78045             742.341             10.9804             
8                   4                   19.0131             746.532             9.82692             
8                   6                   38.7634             747.326             9.52037             
8                   8                   55.6481             748.023             10.676              
8                   10                  56.9254             749.496             9.90032             
8                   12                  45.8345             751.964             10.1803             
8                   14                  16.6656             758.782             12.004              

10                  0                   3.2809              748.381             9.78049             
10                  2                   9.75873             747.702             9.27971             
10                  4                   26.444              747.971             8.92804             
10                  6                   46.565              748.721             9.14968             
10                  8                   64.0374             749.76              9.22344             
10                  10                  58.5038             750.707             9.64712             
10                  12                  34.6488             752.425             10.0078             
10                  14                  9.4985              753.378             8.17643             

12                  2                   9.60771             752.787             7.75307             
12                  4                   25.4339             752.602             8.78439             
12                  6                   45.8066             751.464             9.30867             
12                  8                   57.4283             751.535             9.56022             
12                  10                  41.5817             750.698             10.3167             
12                  12                  24.1745             752.548             8.71497             

14                  4                   27.654              754.184             8.41483             
14                  6                   49.8588             752.251             9.38919             
14                  8                   52.8848             752.368             8.70404             
14                  10                  36.4714             750.256             8.61702             
14                  12                  12.3967             752.798             10.5915             

16                  2                   8.504               757.558             7.70524             
16                  4                   25.2235             754.211             8.92662             
16                  6                   44.4515             753.788             8.86269             
16                  8                   49.8611             754.288             8.88454             
16                  10                  31.8951             754.675             9.37587             
16                  12                  7.61641             751.456             13.1029             

18                  2                   9.07349             759.216             8.39258             
18                  4                   30.3149             756.203             8.88646             
18                  6                   53.8924             756.563             9.13817             
18                  8                   51.4046             754.846             10.4844             
18                  10                  33.0439             756.556             9.20859             
18                  12                  15.921              757                 10.2797             

20                  4                   22.6557             757.88              9.6166              
20                  6                   47.1545             756.729             9.2714              
20                  8                   56.0573             759.979             9.79465             
20                  10                  53.4022             761.224             10.1902             
20                  12                  27.4577             762.451             11.9937             
20                  14                  11.0736             768.439             10.8277             

22                  2                   7.13154             753.228             8.03575             
22                  4                   21.537              756.964             9.17723             
22                  6                   36.7929             755.748             10.3667             
22                  8                   51.4575             757.62              10.731              
22                  10                  54.3475             761.202             11.4539             
22                  12                  39.3827             765.925             12.7917             
22                  14                  21.5792             772.426             12.708              

24                  4                   13.9983             755.947             10.7825             
24                  6                   30.9405             754.765             10.7795             
24                  8                   49.4221             757.506             9.80769             
24                  10                  56.0616             761.367             11.3185             
24                  12                  58.1259             763.088             10.7764             
24                  14                  50.5005             769.215             8.80755             

26                  2                   4.19356             745.823             11.6873             
26                  4                   10.3458             751.829             10.5601             
26                  6                   20.7099             753.164             10.4676             
26                  8                   32.707              756.108             10.125              
26                  10                  45.6434             759.296             10.6308             
26                  12                  57.6501             762.807             10.2557             
26                  14                  55.6083             770.824             11.6436             

28                  6                   12.2498             750.284             11.0441             
28                  8                   20.4284             755.006             10.3345             
28                  10                  32.6396             758.778             9.58229             
28                  12                  46.499              761.361             9.08526             
28                  14                  41.8425             765.689             8.47019             
28                  16                  5.70978             767.897             9.2542              

30                  6                   7.63179             749.417             8.01877             
30                  8                   10.7699             754.415             9.11468             
30                  10                  17.2424             754.075             10.5038             
30                  12                  23.4506             758.224             9.15126             
30                  14                  27.6217             765.251             8.86751             
