0                   20                  4.1431              972.666             16.6801             

2                   16                  5.59628             970.156             13.7377             
2                   18                  17.6649             974.598             10.1241             
2                   20                  13.7009             972.007             12.8678             
2                   22                  9.96438             967.214             13.1292             
2                   24                  5.44306             957.031             14.828              

4                   16                  6.94019             973.71              10.3284             
4                   18                  24.9041             971.611             12.4772             
4                   20                  24.9588             970.185             12.1139             
4                   22                  21.5959             967.056             11.9874             
4                   24                  12.2744             961.243             13.0342             
4                   26                  6.72748             948.711             15.3817             

6                   16                  4.61159             972.669             19.43               
6                   18                  29.367              969.302             12.3584             
6                   20                  36.2799             969.304             12.7675             
6                   22                  30.5076             963.203             12.6032             
6                   24                  18.8767             956.861             12.6043             
6                   26                  6.77045             947.83              18.842              
6                   28                  5.64545             947.964             14.1435             

8                   18                  22.6564             967.748             13.0826             
8                   20                  35.4589             966.108             12.8342             
8                   22                  40.0037             961.987             12.7817             
8                   24                  26.7061             954.905             12.6224             
8                   26                  13.7784             951.93              11.4626             
8                   28                  7.04779             942.154             15.4739             

10                  18                  15.0154             961.634             11.8536             
10                  20                  23.5701             961.907             11.7627             
10                  22                  41.245              959.364             11.5327             
10                  24                  35.684              955.011             11.5696             
10                  26                  21.5927             947.546             11.9426             
10                  28                  10.3799             947.354             9.93768             
10                  30                  2.36781             946.119             18.9948             

12                  18                  8.98409             953.751             9.41061             
12                  20                  17.952              958.168             13.0795             
12                  22                  33.2458             955.576             11.1198             
12                  24                  29.8663             952.063             11.946              
12                  26                  21.529              948.205             11.0365             
12                  28                  7.69612             942.635             15.168              

14                  20                  10.7829             953.603             12.9274             
14                  22                  21.8742             950.813             11.2987             
14                  24                  28.5358             950.937             11.3271             
14                  26                  16.7455             949.675             12.1014             
14                  28                  4.67283             956.047             13.5779             
