15                  15                  3.19423             1716.5              9.38231             
15                  16                  16.931              1721.62             11.2483             
15                  17                  18.0366             1726.84             11.1051             
15                  18                  16.3467             1731.89             13.4958             
15                  19                  11.5486             1734.84             15.9262             
15                  20                  11.3683             1745.79             13.425              
15                  21                  10.7797             1746.81             14.3425             
15                  22                  10.4059             1751.33             7.73947             
15                  23                  9.72007             1750.53             6.42175             
15                  24                  3.67844             1747.33             11.7547             

16                  15                  34.0317             1719.47             10.6606             
16                  16                  305.819             1724.53             8.4171              
16                  17                  332.722             1729.76             8.75546             
16                  18                  334.924             1735.19             8.95746             
16                  19                  276.9               1741.31             9.80657             
16                  20                  242.648             1746.63             9.4563              
16                  21                  220.946             1749.89             8.79545             
16                  22                  196.131             1752.04             8.66056             
16                  23                  126.003             1751.38             8.70877             
16                  24                  86.4409             1746.7              8.86085             
16                  25                  37.6749             1738.81             9.23148             
16                  26                  8.73454             1729.18             9.79807             

17                  15                  50.9016             1722.84             11.8757             
17                  16                  490.415             1727.35             8.88463             
17                  17                  509.939             1731.73             9.56401             
17                  18                  446.514             1737.92             10.374              
17                  19                  386.164             1744.93             11.4986             
17                  20                  337.278             1750.58             11.2509             
17                  21                  299.488             1754.89             10.7026             
17                  22                  225.588             1757.38             10.7246             
17                  23                  156.239             1756.94             11.5063             
17                  24                  113.05              1753.39             11.3995             
17                  25                  51.2269             1747.77             11.6187             
17                  26                  7.5192              1735.33             13.2369             

18                  16                  401.029             1733.43             9.94345             
18                  17                  435.918             1737.9              10.8845             
18                  18                  376.135             1745.25             12.3841             
18                  19                  315.305             1753.66             13.491              
18                  20                  248.888             1760.38             14.4813             
18                  21                  214.409             1766.62             15.0823             
18                  22                  164.58              1769.43             15.2162             
18                  23                  126.35              1770.09             15.1492             
18                  24                  70.2313             1766.94             16.2314             
18                  25                  37.5051             1760.44             13.2595             
18                  26                  5.63303             1755.73             18.4553             

19                  15                  34.7855             1733.15             16.2101             
19                  16                  312.455             1740.34             10.7043             
19                  17                  335.571             1745.97             11.963              
19                  18                  269.132             1755.07             13.4517             
19                  19                  237.493             1763.41             14.9007             
19                  20                  179.075             1773.4              16.4641             
19                  21                  147.75              1779.3              16.598              
19                  22                  122.15              1784.97             17.5823             
19                  23                  87.268              1784.27             17.0913             
19                  24                  56.6967             1782.5              17.2592             
19                  25                  19.9392             1774.93             16.4824             

20                  16                  223.348             1747.39             11.6784             
20                  17                  206.457             1754.5              13.6794             
20                  18                  181.776             1763.63             14.8958             
20                  19                  149.35              1775.94             17.1162             
20                  20                  127.205             1785.51             17.482              
20                  21                  104.203             1794.64             17.2359             
20                  22                  79.27               1800.06             17.1727             
20                  23                  55.6431             1800.84             17.8002             
20                  24                  30.9415             1797.19             18.0962             
20                  25                  11.3685             1792.27             17.477              

21                  15                  9.52799             1740.57             19.2174             
21                  16                  135.989             1752.63             10.8356             
21                  17                  122.996             1760.73             14.4892             
21                  18                  96.1312             1772.77             16.5125             
21                  19                  87.1786             1786.01             17.5274             
21                  20                  73.1819             1798.35             16.5563             
21                  21                  57.5158             1806.46             15.4005             
21                  22                  50.0049             1813.4              14.3745             
21                  23                  36.6403             1816.29             14.0268             
21                  24                  18.415              1814.21             15.6153             

22                  16                  43.1939             1757.18             12.7276             
22                  17                  54.1568             1768.01             13.814              
22                  18                  48.05               1779.69             16.297              
22                  19                  35.8495             1795.85             17.5908             
22                  20                  30.1084             1807.11             16.7913             
22                  21                  28.8407             1821.09             16.0992             
22                  22                  31.8816             1823.7              10.343              
22                  23                  17.9352             1827.6              12.4938             
22                  24                  5.32113             1821.3              13.8241             

23                  16                  16.2847             1759.15             10.7238             
23                  17                  11.0661             1770.39             17.9602             
23                  18                  13.6201             1778.58             16.2887             
23                  19                  13.3056             1797.28             16.0414             
23                  20                  9.44519             1811.51             16.79               
23                  21                  15.0626             1824.95             10.1568             
23                  22                  11.8017             1827.5              10.3176             
23                  23                  5.43445             1710.12             16.1997             
23                  24                  3.71684             1715.96             11.9213             
