9                   12                  9.36812             1370.63             6.5902              
9                   13                  15.0576             1369.74             5.23985             
9                   14                  15.7672             1366.36             7.31315             
9                   15                  7.24837             1370.02             6.98798             

10                  11                  7.5492              1380.35             7.74169             
10                  12                  28.763              1373.4              5.85594             
10                  13                  48.9222             1372.15             6.67631             
10                  14                  66.1317             1371.39             6.08082             
10                  15                  33.364              1372.33             5.38755             

11                  10                  7.96182             1382.86             7.24119             
11                  11                  27.758              1379.95             7.55711             
11                  12                  82.9526             1376.46             6.00087             
11                  13                  150.949             1374.47             6.36898             
11                  14                  180.215             1374.19             5.97305             
11                  15                  61.4327             1375.38             6.19225             

12                  9                   5.71391             1389.41             5.34292             
12                  10                  20.1477             1388.05             8.26308             
12                  11                  77.2675             1383.45             6.70998             
12                  12                  198.669             1379.53             6.65957             
12                  13                  334.185             1377.57             5.97455             
12                  14                  302.158             1377.01             5.92968             
12                  15                  108.946             1378.65             6.03083             
12                  16                  3.09206             1379.82             10.2941             

13                  10                  50.8167             1392.62             7.84398             
13                  11                  178.495             1387.29             6.81609             
13                  12                  366.976             1383.17             6.29584             
13                  13                  518.415             1380.66             5.86059             
13                  14                  414.891             1379.34             5.94717             
13                  15                  134.86              1380.27             6.01102             
13                  16                  6.63411             1382.54             6.75126             

14                  10                  82.2377             1396.3              7.65607             
14                  11                  268.719             1389.95             7.02609             
14                  12                  501.514             1385.92             6.34464             
14                  13                  623.7               1382.96             5.76661             
14                  14                  537.678             1381.46             5.47897             
14                  15                  184.164             1382.96             5.97653             
14                  16                  8.86378             1381.23             6.27868             

15                  10                  123.386             1400.03             7.63412             
15                  11                  348.911             1392.9              7.04769             
15                  12                  579.643             1388.11             6.08232             
15                  13                  714.513             1384.71             5.81589             
15                  14                  563.175             1382.97             5.79639             
15                  15                  190.907             1384.4              6.23059             
15                  16                  4.29126             1382.97             8.05168             
15                  17                  2.37018             1387.61             8.54101             

16                  9                   20.8169             1410.58             6.85581             
16                  10                  125.062             1402.1              7.68419             
16                  11                  346.613             1395.14             6.9981              
16                  12                  624.287             1389.82             6.26589             
16                  13                  783.872             1385.95             5.675               
16                  14                  650.066             1383.96             5.58077             
16                  15                  192.759             1385.14             6.5383              
16                  16                  7.29987             1385                9.33784             
16                  17                  4.11747             1380.67             5.54744             

17                  9                   25.6183             1422.9              9.50512             
17                  10                  92.9681             1404.33             7.96626             
17                  11                  331.507             1396.07             7.21572             
17                  12                  545.447             1391.05             6.47667             
17                  13                  700.944             1386.9              5.79023             
17                  14                  624.891             1385.33             5.30382             
17                  15                  206.987             1386.69             6.24356             
17                  16                  12.5277             1383.82             4.14366             

18                  10                  67.0076             1406.19             8.21835             
18                  11                  243.045             1397.26             7.10244             
18                  12                  465.412             1391.23             6.40824             
18                  13                  620.419             1387.35             5.90173             
18                  14                  525.593             1385.91             5.61683             
18                  15                  172.97              1387.2              5.88403             
18                  16                  10.2578             1386.63             6.39372             

19                  10                  30.3202             1406.45             7.43874             
19                  11                  137.715             1397.29             6.91192             
19                  12                  340.913             1391.14             6.58545             
19                  13                  483.825             1387.74             5.90144             
19                  14                  418.433             1386.37             5.54463             
19                  15                  137.41              1387.26             6.11413             

20                  10                  9.388               1403.04             10.9882             
20                  11                  55.691              1395.99             6.48612             
20                  12                  147.629             1391.17             6.88873             
20                  13                  300.036             1387.06             6.10764             
20                  14                  301.33              1385.67             5.57884             
20                  15                  103.686             1386.91             6.30931             

21                  10                  3.92437             1400.59             9.24077             
21                  11                  24.8257             1393.79             5.26062             
21                  12                  50.9849             1389.24             6.39231             
21                  13                  107.209             1385.37             6.56591             
21                  14                  159.12              1384.14             5.67265             
21                  15                  59.8134             1385.07             6.50048             

22                  11                  5.0695              1392.09             6.28957             
22                  12                  14.1824             1387.61             6.91917             
22                  13                  29.0489             1382.4              6.56731             
22                  14                  44.0192             1382.81             6.05515             
22                  15                  21.9051             1384.42             6.60402             

23                  11                  3.39979             1381.78             5.43302             
23                  12                  7.20842             1383.86             4.98127             
23                  13                  8.07418             1378.99             5.40819             
23                  14                  12.2499             1377.58             5.55077             
23                  15                  5.94976             1381.55             4.99147             
