16                  0                   18.7746             892.619             12.698              
16                  2                   28.5496             897.271             12.3759             
16                  4                   21.0095             902.501             11.7287             

18                  0                   17.0633             896.739             15.376              
18                  2                   46.2221             899.1               12.8896             
18                  4                   22.0869             905.564             15.1994             
18                  6                   10.9614             908.544             11.7494             

20                  0                   24.7148             900.571             12.7423             
20                  2                   52.8542             903.901             12.5184             
20                  4                   42.1453             908.215             12.3339             
20                  6                   16.1557             910.332             16.3309             

22                  0                   21.2229             900.031             12.409              
22                  2                   46.954              907.276             13.378              
22                  4                   47.3947             911.869             13.1456             
22                  6                   28.3754             915                 15.0659             
22                  8                   12.3368             919.382             16.1022             
22                  10                  10.6692             924.139             11.5448             
22                  12                  7.73307             929.651             12.6403             
22                  14                  10.2337             921.73              10.8858             

24                  0                   14.8281             901.475             13.5794             
24                  2                   48.6563             906.899             12.2961             
24                  4                   45.9726             911.658             13.3937             
24                  6                   34.2991             917.499             13.2095             
24                  8                   27.4584             922.977             13.5528             
24                  10                  18.9989             927.731             12.1508             
24                  12                  18.6318             927.953             11.2084             
24                  14                  23.3745             925.053             12.3423             
24                  16                  15.7494             924.689             9.65698             

26                  0                   10.2625             898.923             14.3808             
26                  2                   31.6042             904.404             14.0473             
26                  4                   37.6987             910.901             12.1398             
26                  6                   35.0386             918.128             13.2057             
26                  8                   34.5838             922.497             12.4131             
26                  10                  32.6419             927.283             10.7005             
26                  12                  32.5742             926.158             10.8597             
26                  14                  38.7441             926.254             10.6909             
26                  16                  19.1553             921.261             11.4266             

28                  2                   17.2033             902.235             14.1748             
28                  4                   18.8019             911.593             15.1544             
28                  6                   26.6871             916.996             13.027              
28                  8                   27.3529             923.071             12.2923             
28                  10                  25.495              924.458             12.657              
28                  12                  35.1674             926.691             9.87641             
28                  14                  32.5036             927.852             11.4917             
28                  16                  16.1815             922.056             11.5534             

30                  4                   9.91668             910.796             13.3349             
30                  6                   12.766              913.08              13.1845             
30                  8                   16.5091             921.625             10.9132             
30                  10                  16.7989             923.303             11.7674             
30                  12                  16.2073             927.267             12.7474             
30                  14                  15.0189             922.344             12.9282             
30                  16                  10.3791             916.569             7.23693             
