0                   22                  3.06416             1014.78             19.5403             
0                   24                  3.98182             1013.26             15.0653             
0                   26                  5.10085             1009.93             19.163              
0                   28                  2.69319             1008.57             17.4135             
0                   30                  3.56488             998.248             14.2882             

2                   18                  9.70341             1021.97             11.2395             
2                   20                  10.5065             1022.68             9.3522              
2                   22                  12.5212             1020.73             15.0096             
2                   24                  13.9001             1017.54             10.8702             
2                   26                  17.361              1016.43             11.2853             
2                   28                  13.6837             1010.47             15.3897             
2                   30                  11.3786             1002.72             13.5653             

4                   16                  13.3237             1020.61             12.7594             
4                   18                  14.9589             1026.5              13.5735             
4                   20                  13.4376             1020.91             14.3077             
4                   22                  16.1213             1021.67             15.2345             
4                   24                  21.3078             1020.74             14.8878             
4                   26                  33.0556             1019.18             11.6147             
4                   28                  28.9366             1011.85             15.5448             
4                   30                  21.6546             1006.17             14.422              

6                   16                  11.8516             1019.91             11.8226             
6                   18                  10.0487             1025.89             8.72509             
6                   20                  10.459              1023.6              13.5672             
6                   22                  13.7721             1021.5              17.0769             
6                   24                  29.0878             1020.28             12.6203             
6                   26                  39.3121             1018.27             14.6247             
6                   28                  43.2055             1012.02             15.3119             
6                   30                  34.1531             1007.86             15.5592             

8                   22                  11.3441             1020.46             10.1613             
8                   24                  19.5877             1019.41             16.6736             
8                   26                  44.5149             1015.24             13.1565             
8                   28                  53.7844             1012                14.723              
8                   30                  48.1419             1006.54             15.3756             

10                  24                  10.5729             1012.68             17.2377             
10                  26                  31.601              1012.7              15.5942             
10                  28                  56.6702             1009.47             13.7737             
10                  30                  57.5584             1004.05             12.8674             

12                  26                  24.8002             1008.23             15.4196             
12                  28                  42.704              1005.54             14.9978             
12                  30                  58.1668             1003.23             13.7225             

14                  26                  12.4125             1007.66             14.6174             
14                  28                  29.649              1005.37             13.6222             
14                  30                  40.8344             1000.23             13.9047             

16                  30                  4.32234             1001.04             13.5581             
