4                   14                  9.76868             806.783             6.38622             

5                   12                  5.97578             805.933             8.98231             
5                   13                  14.4821             808.509             6.79568             
5                   14                  12.5706             808.667             8.05437             
5                   15                  8.58127             809.578             8.53016             

6                   11                  9.70571             808.686             8.30208             
6                   12                  13.391              809.041             7.16165             
6                   13                  18.8675             809.642             6.41527             
6                   14                  22.3566             811.982             8.02193             
6                   15                  16.5423             812.675             8.30185             

7                   9                   3.55862             810.263             9.71483             
7                   10                  8.43315             810.615             8.31858             
7                   11                  17.9644             811.877             6.2457              
7                   12                  19.7082             810.786             7.53385             
7                   13                  24.2366             811.651             7.68961             
7                   14                  33.2139             812.155             7.39169             
7                   15                  21.9159             815.896             8.86637             

8                   8                   5.66021             811.114             8.97259             
8                   9                   9.39373             812.502             8.0591              
8                   10                  10.1981             812.352             13.7666             
8                   11                  23.3747             812.963             7.46846             
8                   12                  28.3579             812.724             7.92891             
8                   13                  37.0341             814.745             7.46776             
8                   14                  36.4901             814.575             8.25936             
8                   15                  32.0778             817.675             7.84841             
8                   16                  6.91629             822.754             9.64747             


9                   8                   7.52738             814.832             7.88706             
9                   9                   10.138              815.13              7.66661             
9                   10                  26.2531             815.794             7.46386             
9                   11                  29.8544             814.581             8.34388             
9                   12                  42.9075             814.676             8.26865             
9                   13                  43.8997             815.723             8.17914             
9                   14                  42.7053             817.239             8.5104              
9                   15                  30.6096             820.263             8.22111             
9                   16                  5.93209             820.981             11.5125             

10                  6                   4.14831             813.264             5.9826              
10                  7                   6.71985             813.375             9.32577             
10                  8                   7.92404             813.882             11.3583             
10                  9                   16.7516             814.649             9.43752             
10                  10                  27.9627             815.54              8.91311             
10                  11                  35.3928             815.682             8.72812             
10                  12                  45.0761             815.229             7.97929             
10                  13                  48.2699             816.709             9.1369              
10                  14                  50.618              818.571             8.4933              
10                  15                  37.6902             820.58              8.18964             
10                  16                  5.0522              826.365             11.2161             

11                  7                   7.27326             815.175             9.11882             
11                  8                   12.9237             816.355             7.80055             
11                  9                   21.5407             815.412             9.81593             
11                  10                  38.8019             816.564             8.42555             
11                  11                  40.9804             815.842             8.62994             
11                  12                  48.9864             816.336             9.0278              
11                  13                  59.3311             818.353             8.06751             
11                  14                  49.0272             820.737             8.14796             
11                  15                  33.0749             822.626             8.10968             

12                  7                   9.29533             820.578             9.90715             
12                  8                   22.5418             817.882             8.04894             
12                  9                   36.6252             817.721             7.95444             
12                  10                  43.6028             817.305             7.95057             
12                  11                  50.6243             816.749             8.61388             
12                  12                  60.7512             818.323             8.43546             
12                  13                  62.1001             819.736             7.99183             
12                  14                  50.3635             821.766             8.3986              
12                  15                  31.1076             824.385             8.33396             

13                  6                   4.80685             821.417             11.6008             
13                  7                   15.5723             819.03              8.36646             
13                  8                   19.1693             820.024             9.21084             
13                  9                   37.8136             818.67              8.03898             
13                  10                  41.2131             819.221             9.11448             
13                  11                  55.6782             818.901             8.63488             
13                  12                  51.5832             819.672             8.03763             
13                  13                  52.524              819.409             8.37714             
13                  14                  46.3887             822.438             7.82165             
13                  15                  20.081              824.698             9.42362             

14                  6                   4.46932             822.834             9.37519             
14                  7                   9.60748             818.34              11.7856             
14                  8                   22.0664             820.889             8.59211             
14                  9                   33.5279             820.696             8.11892             
14                  10                  49.6436             818.684             8.33829             
14                  11                  56.2299             819.731             8.39463             
14                  12                  54.6031             819.418             8.41599             
14                  13                  48.357              821.852             8.10691             
14                  14                  39.043              823.032             8.77811             
14                  15                  20.28               827.307             7.89489             

15                  5                   4.03631             824.193             7.49215             
15                  6                   5.5028              824.172             10.8182             
15                  7                   13.8371             820.804             7.53502             
15                  8                   24.4237             820.602             8.71988             
15                  9                   34.9694             819.987             9.27721             
15                  10                  46.9803             820.528             8.93104             
15                  11                  54.0435             819.837             8.3723              
15                  12                  57.4101             821.267             8.73389             
15                  13                  47.1979             822.292             8.19468             
15                  14                  31.7491             823.753             8.78635             
15                  15                  17.1103             826.43              8.66199             

16                  6                   4.98525             822.25              11.2608             
16                  7                   14.1563             825.386             10.2415             
16                  8                   27.04               822.645             8.14069             
16                  9                   40.0697             822.964             9.37104             
16                  10                  54.6678             820.393             8.14286             
16                  11                  56.0242             821.096             7.75008             
16                  12                  45.4055             821.582             9.47321             
16                  13                  51.0303             822.845             7.12811             
16                  14                  34.4613             824.373             8.29234             
16                  15                  13.5535             829.404             10.5155             

17                  6                   5.89831             829.784             8.19407             
17                  7                   15.3172             823.703             8.53026             
17                  8                   25.2684             824.491             7.23481             
17                  9                   31.905              824.166             8.07736             
17                  10                  41.4772             822.607             9.34035             
17                  11                  46.915              822.373             8.92231             
17                  12                  55.4185             821.549             7.6548              
17                  13                  40.4477             824.572             9.33893             
17                  14                  34.4385             825.459             7.52936             
17                  15                  12.4612             828.777             10.506              

18                  7                   11.6419             825.555             9.06597             
18                  8                   19.1932             823.737             8.93642             
18                  9                   34.3693             824.086             8.6333              
18                  10                  43.0907             823.586             9.45255             
18                  11                  50.5552             823.652             8.4898              
18                  12                  56.9672             823.439             7.91215             
18                  13                  46.0353             825.445             9.01424             
18                  14                  34.3896             826.586             8.40875             
18                  15                  15.6096             830.144             9.26637             

19                  7                   10.5862             826.618             8.58271             
19                  8                   17.7874             825.194             8.49862             
19                  9                   30.0484             823.643             8.89425             
19                  10                  37.2237             823.955             9.05566             
19                  11                  47.3525             823.563             9.35422             
19                  12                  50.39               824.404             8.5876              
19                  13                  41.8109             825.506             9.28424             
19                  14                  36.6011             827.764             9.00034             
19                  15                  16.2273             831.064             9.19417             
20                  7                   5.22556             825.391             11.6468             
20                  8                   14.5315             826.071             9.05502             
20                  9                   22.4983             825.413             8.44776             
20                  10                  30.9567             823.552             9.54604             
20                  11                  40.4368             824.317             8.97218             
20                  12                  47.9143             826.267             8.48559             
20                  13                  50.2216             827.166             8.72712             
20                  14                  50.9726             829.628             7.17035             
20                  15                  29.0891             834.303             8.27749             

21                  8                   8.98606             824.889             10.5632             
21                  9                   17.4365             825.175             10.2242             
21                  10                  26.0987             826.09              9.79719             
21                  11                  42.8075             826.337             8.45502             
21                  12                  44.8809             826.316             8.19732             
21                  13                  49.2341             827.712             8.1819              
21                  14                  45.5436             830.492             8.54191             
21                  15                  31.0202             833.531             8.02524             

22                  9                   12.3162             825.818             8.48799             
22                  10                  23.562              824.191             8.71597             
22                  11                  33.9208             825.141             8.36155             
22                  12                  32.2596             826.119             9.94569             
22                  13                  44.7478             827.335             8.58897             
22                  14                  39.996              830.272             9.11366             
22                  15                  32.9838             835.34              7.75691             
22                  16                  7.76865             836.791             8.94657             

23                  9                   10.6205             823.126             8.81139             
23                  10                  16.2059             824.347             9.02335             
23                  11                  22.3163             823.74              9.41062             
23                  12                  28.9539             825.769             8.51355             
23                  13                  33.75               825.806             9.34364             
23                  14                  36.6909             829.697             9.49862             
23                  15                  35.2976             832.755             8.41094             
23                  16                  8.88574             837.097             9.07643             

24                  10                  8.87248             822.861             6.37912             
24                  11                  20.6057             823.045             6.24525             
24                  12                  18.6169             823.167             9.275               
24                  13                  27.2172             827.175             9.20293             
24                  14                  34.4283             826.732             8.81887             
24                  15                  31.5783             831.35              8.1305              
24                  16                  10.8304             835.863             8.79205             

25                  11                  9.95335             821.513             8.35572             
25                  12                  11.0004             822.926             9.38211             
25                  13                  20.1526             823.499             8.13192             
25                  14                  29.2607             827.221             7.77238             
25                  15                  25.2056             830.171             8.97984             
25                  16                  8.17824             829.471             11.5994             


26                  13                  11.4065             824.889             8.14391             
26                  14                  19.7561             826.034             8.21638             
26                  15                  15.5388             828.197             10.8367             
26                  16                  7.03367             827.903             10.6076             

27                  13                  7.12243             820.366             10.2799             
27                  14                  4.91058             818.87              14.0866             
27                  15                  7.81001             824.973             10.4451             
27                  16                  7.29981             826.129             7.7465              

28                  14                  4.33753             820.156             9.15632             
28                  15                  4.0981              822.454             5.63712             
