16                  4                   10.7536             1701.41             8.54357             
16                  5                   51.5759             1710.27             8.94114             
16                  6                   104.347             1716.89             8.64229             
16                  7                   147.307             1721.95             9.04674             
16                  8                   219.816             1724.16             8.39658             
16                  9                   266.201             1723.22             8.39722             
16                  10                  316.954             1721.76             9.07459             
16                  11                  343.939             1718.34             9.24708             
16                  12                  373.965             1713.22             9.47968             
16                  13                  402.562             1707.59             9.36688             
16                  14                  428.258             1701.42             8.92714             
16                  15                  389.901             1696.36             8.12148             
16                  16                  244.433             1694.24             7.6457              

17                  4                   12.1876             1706.65             11.8055             
17                  5                   57.0332             1716.13             11.0945             
17                  6                   104.403             1723.26             12.3017             
17                  7                   188.734             1727.8              10.8897             
17                  8                   219.165             1730.78             11.3274             
17                  9                   309.117             1730.27             10.9016             
17                  10                  346.819             1729.34             10.8302             
17                  11                  409.269             1725.34             11.1493             
17                  12                  454.308             1718.71             10.7794             
17                  13                  500.193             1712.28             10.4481             
17                  14                  527.93              1704.89             9.82518             
17                  15                  510.402             1699.8              8.53095             
17                  16                  309.965             1698.6              7.7722              

18                  4                   7.32995             1714.99             13.5562             
18                  5                   42.833              1726.5              13.1436             
18                  6                   77.0036             1735.46             15.0665             
18                  7                   122.889             1741.56             14.1276             
18                  8                   170.654             1744.74             14.1121             
18                  9                   208.136             1745.4              15.1127             
18                  10                  251.376             1741.81             14.6947             
18                  11                  309.578             1736.97             13.943              
18                  12                  331.754             1729.76             13.5314             
18                  13                  400.385             1720.96             12.5123             
18                  14                  429.881             1713.04             11.3259             
18                  15                  427.232             1706.77             9.99295             
18                  16                  267.854             1704.82             8.77731             
18                  17                  6.47431             1706.61             10.8043             

19                  5                   24.8179             1739.68             14.3688             
19                  6                   54.8384             1748.99             16.1369             
19                  7                   82.6443             1756.54             15.6121             
19                  8                   136.103             1760.59             15.9072             
19                  9                   149.943             1760.87             16.026              
19                  10                  191.668             1757.21             15.5434             
19                  11                  213.194             1750.95             15.1532             
19                  12                  249.855             1741.9              14.9967             
19                  13                  280.667             1732.16             13.5653             
19                  14                  315.699             1722.76             12.218              
19                  15                  322.043             1715.27             10.3318             
19                  16                  206.728             1712.19             9.40482             

20                  5                   9.85785             1754.31             15.7483             
20                  6                   34.462              1762.84             16.232              
20                  7                   56.1155             1773.24             16.1054             
20                  8                   79.5382             1776.43             15.3875             
20                  9                   96.6667             1776.53             15.9325             
20                  10                  116.479             1771.62             15.8825             
20                  11                  143.497             1764.4              16.2828             
20                  12                  167.518             1753.8              15.3238             
20                  13                  173.077             1742.44             15.0732             
20                  14                  206.605             1730.99             12.8612             
20                  15                  224.452             1722.4              10.5501             
20                  16                  141.06              1718.74             8.93268             

21                  6                   13.9025             1776.87             16.7012             
21                  7                   38.1398             1787.22             14.3905             
21                  8                   48.3207             1789.93             14.423              
21                  9                   57.3986             1790.45             13.9998             
21                  10                  72.076              1784.54             15.2324             
21                  11                  85.6377             1776.85             16.5377             
21                  12                  93.3653             1764.93             16.8436             
21                  13                  111.467             1751.27             15.3182             
21                  14                  120.482             1738.18             13.3489             
21                  15                  114.097             1728.01             11.288              
21                  16                  70.0685             1723.91             9.20745             

22                  7                   16.1002             1795.85             12.0544             
22                  8                   29.5133             1799.21             11.2674             
22                  9                   27.9033             1798.91             11.1781             
22                  10                  34.7133             1794.93             13.2231             
22                  11                  38.7113             1784.7              14.2193             
22                  12                  40.1147             1772.01             16.8725             
22                  13                  39.2496             1757.6              16.6859             
22                  14                  41.5282             1744.5              13.741              
22                  15                  37.0858             1733.46             10.5315             
22                  16                  23.6261             1728.06             7.27104             

23                  8                   10.1757             1808.22             14.3371             
23                  9                   16.4615             1806.52             9.26479             
23                  10                  13.1622             1799.46             12.86               
23                  11                  12.761              1791.34             13.2102             
23                  12                  9.81003             1777.35             18.786              
23                  13                  11.2143             1758.87             16.0529             
23                  14                  8.77072             1745.34             16.8982             
23                  15                  7.74935             1736.67             10.1486             
