16                  20                  10.1979             844.543             13.3053             
16                  22                  32.6461             839.477             9.04736             
16                  24                  30.8304             839.685             10.1827             
16                  26                  20.7291             839.417             10.6615             
16                  28                  10.3897             841.154             11.4628             

18                  18                  8.3206              850.378             9.8553              
18                  20                  24.8052             845.711             11.4949             
18                  22                  34.6616             842.524             10.0599             
18                  24                  36.3605             841.382             9.77582             
18                  26                  29.0456             841.65              9.16478             
18                  28                  10.5509             839.113             11.5915             
18                  30                  4.53486             839.448             11.8903             

20                  18                  14.9661             852.232             10.4627             
20                  20                  28.9367             849.123             10.6829             
20                  22                  36.6777             846.068             11.5525             
20                  24                  35.0648             843.265             10.8448             
20                  26                  20.7181             842.276             10.5204             
20                  28                  11.214              840.533             9.4754              
20                  30                  5.4772              832.455             8.12423             

22                  18                  23.6352             848.846             12.1423             
22                  20                  31.8618             848.134             13.0701             
22                  22                  42.1009             848.697             11.4273             
22                  24                  33.269              843.875             11.4425             
22                  26                  19.5617             840.793             9.2334              
22                  28                  6.97135             841.556             12.2526             

24                  16                  10.7751             858.16              6.76749             
24                  18                  37.8853             853.929             11.7539             
24                  20                  44.0624             849.644             11.1302             
24                  22                  38.2646             850.384             11.5076             
24                  24                  29.1735             847.363             10.6977             
24                  26                  16.6232             843.093             12.373              
24                  28                  6.69045             840.148             9.47554             

26                  16                  10.0614             860.254             10.5882             
26                  18                  42.7999             854.384             10.4787             
26                  20                  35.1941             852.967             10.9705             
26                  22                  21.2624             849.351             10.9332             
26                  24                  22.4576             848.032             10.1589             
26                  26                  9.19165             840.288             11.8636             
26                  28                  4.70194             838.348             10.9555             

28                  16                  11.0636             871.85              12.8508             
28                  18                  32.2754             858.122             11.3799             
28                  20                  26.8027             853.752             10.1759             
28                  22                  18.5147             851.145             10.8582             
28                  24                  9.7899              845.016             12.3065             
28                  26                  5.30643             844.615             15.2009             

30                  18                  17.033              854.039             10.8374             
30                  20                  11.8145             850.556             13.4547             
30                  22                  10.4419             847.51              11.2494             
30                  24                  3.69031             850.994             14.6532             
