16                  26                  19.3656             900.83              17.2101             
16                  28                  32.1142             904.28              13.1437             
16                  30                  42.3293             907.51              13.2136             

18                  26                  21.1751             910.399             12.7969             
18                  28                  46.6076             909.535             13.2295             
18                  30                  68.7882             911.611             11.2179             

20                  24                  13.0257             922.001             16.1607             
20                  26                  39.5113             919.475             12.4168             
20                  28                  62.4045             916.055             13.0075             
20                  30                  69.8218             914.274             12.3359             

22                  20                  9.08593             933.829             11.6291             
22                  22                  12.6302             931.187             14.8413             
22                  24                  27.2003             928.23              12.0971             
22                  26                  49.7778             924.068             13.0972             
22                  28                  66.253              920.152             12.0256             
22                  30                  63.6169             915.885             12.7256             

24                  16                  16.8176             935.739             14.0189             
24                  18                  21.7521             938.761             12.6512             
24                  20                  17.2762             934.775             11.4326             
24                  22                  29.6045             936.183             10.7501             
24                  24                  40.4233             931.295             13.023              
24                  26                  48.6466             926.793             13.2659             
24                  28                  61.5173             922.768             13.1248             
24                  30                  48.9503             917.991             12.4182             

26                  16                  29.5128             936.987             11.8595             
26                  18                  45.7953             937.502             9.40747             
26                  20                  38.7261             937.922             11.2304             
26                  22                  34.6693             935.048             12.7849             
26                  24                  51.8434             935.96              10.7676             
26                  26                  49.7336             929.987             13.3058             
26                  28                  43.8677             923.833             13.1836             
26                  30                  35.5764             919.008             14.8694             

28                  16                  25.214              935.634             10.8852             
28                  18                  46.3014             937.131             10.1493             
28                  20                  37.7173             938.177             10.8759             
28                  22                  33.187              935.888             11.1762             
28                  24                  36.0995             937.685             12.689              
28                  26                  30.4467             930.279             12.8448             
28                  28                  28.0319             926.281             12.8571             
28                  30                  22.4442             916.821             12.8248             

30                  16                  13.658              935.089             9.10999             
30                  18                  21.4549             937.023             12.2757             
30                  20                  18.0366             938.018             12.0149             
30                  22                  17.3527             937.139             12.1642             
30                  24                  10.3678             938.596             15.3832             
30                  26                  12.1705             934.921             16.7719             
30                  28                  11.6473             928.035             15.0277             
30                  30                  6.82605             920.155             17.9115             
