0                   4                   4.89657             893.964             14.2904             
0                   6                   5.48644             904.001             13.4212             
0                   8                   4.77576             905.984             15.0908             

2                   2                   10.9569             890.655             14.0689             
2                   4                   14.3758             895.76              13.215              
2                   6                   12.9396             899.744             13.7065             
2                   8                   13.22               903.091             10.6489             
2                   10                  8.96762             901.114             11.104              
2                   12                  5.58318             906.103             13.7663             
2                   14                  9.23092             907.193             13.279              

4                   0                   13.5608             890.728             11.219              
4                   2                   21.4288             889.36              14.1512             
4                   4                   28.62               897.836             10.3347             
4                   6                   23.557              901.28              12.9595             
4                   8                   18.6181             902.329             11.5312             
4                   10                  11.5732             909.354             15.1717             
4                   12                  8.90267             920.629             20.9056             
4                   14                  11.2858             912.315             12.6119             
4                   16                  3.32549             910.403             13.728              

6                   0                   16.8768             892.815             12.7971             
6                   2                   38.5932             893.961             12.5141             
6                   4                   43.3204             896.272             11.7066             
6                   6                   25.1852             900.501             13.6125             
6                   8                   16.8394             901.69              11.5166             
6                   10                  8.71579             904.487             15.8846             
6                   12                  7.61031             911.874             15.4148             
6                   14                  11.821              910.061             8.04539             
6                   16                  6.68213             908.023             10.075              

8                   0                   25.8201             890.949             10.4458             
8                   2                   49.2868             892.984             12.1555             
8                   4                   38.4708             893.566             12.7611             
8                   6                   23.4035             896.549             14.1521             
8                   8                   9.06653             905.033             15.9102             

10                  0                   27.446              889.266             11.2068             
10                  2                   43.9837             887.903             13.2973             
10                  4                   39.5211             887.713             12.8172             
10                  6                   19.4023             894.306             11.7785             
10                  8                   6.65339             901.329             13.2673             

12                  0                   28.0571             884.599             11.6979             
12                  2                   46.6391             879.466             12.4381             
12                  4                   32.0233             880.607             11.3897             
12                  6                   9.62782             889.155             13.7488             
12                  8                   3.36038             898.215             13.8679             

14                  0                   23.4743             876.383             10.4344             
14                  2                   34.8213             879.038             13.5737             
14                  4                   19.4876             884.144             13.8873             
14                  6                   6.43238             885.234             13.4983             
