7                   10                  3.24303             1740.03             9.69739             
7                   11                  3.10969             1738.95             10.8258             

8                   7                   4.58028             1740.02             11.7601             
8                   8                   7.79485             1740.17             9.14525             
8                   9                   7.6339              1741.82             10.9832             
8                   10                  8.32275             1739.55             9.071               
8                   11                  11.0792             1737.8              9.11584             
8                   12                  9.11555             1732.79             11.5095             
8                   13                  13.9386             1730.61             5.73831             
8                   14                  10.9319             1729.74             8.39447             
8                   15                  5.30934             1729.27             11.4633             

9                   7                   10.2774             1734.62             9.08907             
9                   8                   23.8558             1738.63             9.34209             
9                   9                   28.7097             1739.49             9.49501             
9                   10                  34.8594             1740.23             8.01862             
9                   11                  29.4655             1736.52             10.4175             
9                   12                  35.3866             1731.63             9.87327             
9                   13                  43.4744             1728.85             8.88474             
9                   14                  36.5213             1726.35             9.71952             
9                   15                  35.2173             1725.04             7.35173             
9                   16                  6.28316             1727.16             10.7974             

10                  6                   19.3474             1725.72             9.57523             
10                  7                   29.6033             1731.47             11.0004             
10                  8                   45.8692             1734.64             9.9717              
10                  9                   55.036              1735.39             10.4808             
10                  10                  76.442              1734.1              9.52353             
10                  11                  98.9136             1732.17             9.68704             
10                  12                  110.254             1729.01             9.48098             
10                  13                  112.381             1725.59             9.25541             
10                  14                  122.295             1722.11             9.02633             
10                  15                  101.405             1721.73             8.25186             
10                  16                  40.7596             1722.89             7.98135             

11                  5                   14.76               1717.11             10.0658             
11                  6                   46.928              1721.52             9.09125             
11                  7                   64.9593             1727.09             9.37869             
11                  8                   85.122              1729.78             10.0852             
11                  9                   121.343             1729.71             9.74626             
11                  10                  154.309             1729.73             9.55189             
11                  11                  178.21              1728.04             9.80089             
11                  12                  210.214             1725.13             9.48939             
11                  13                  242.419             1721.57             9.06001             
11                  14                  251.008             1718.81             8.29801             
11                  15                  236.257             1718.02             7.66088             
11                  16                  106                 1720.05             7.58742             

12                  4                   6.02633             1704.06             9.98927             
12                  5                   25.3689             1709.45             9.22103             
12                  6                   63.9518             1715.15             10.4544             
12                  7                   126.628             1720.48             9.42629             
12                  8                   166.474             1723.93             9.14548             
12                  9                   218.992             1726.22             9.14186             
12                  10                  269.377             1725.37             8.87019             
12                  11                  273.325             1724.05             9.16606             
12                  12                  337.42              1720.98             8.80745             
12                  13                  370.882             1717.35             8.68445             
12                  14                  424.102             1714.52             7.66722             
12                  15                  405.983             1714                7.19388             
12                  16                  209.083             1716.61             7.30979             

13                  4                   7.48354             1698.13             9.18463             
13                  5                   50.974              1704.29             9.37586             
13                  6                   101.106             1710.41             9.32232             
13                  7                   169.936             1716.59             8.90436             
13                  8                   257.223             1721.36             8.44406             
13                  9                   312.809             1722.48             8.38129             
13                  10                  410.231             1722.59             8.0224              
13                  11                  440.613             1720.09             8.21716             
13                  12                  477.863             1717.52             8.23264             
13                  13                  553.071             1713.61             7.67927             
13                  14                  563.674             1710.5              7.44737             
13                  15                  528.452             1710.21             6.8794              
13                  16                  259.357             1715                7.56301             

14                  4                   13.7465             1697.38             8.81417             
14                  5                   63.2914             1702.73             8.22698             
14                  6                   135.142             1709.15             8.65428             
14                  7                   205.643             1717.16             8.52596             
14                  8                   294.294             1721.3              7.94651             
14                  9                   404.434             1722.47             7.73266             
14                  10                  457.712             1722.15             7.8265              
14                  11                  510.977             1720.07             8.04342             
14                  12                  528.612             1716.66             8.07785             
14                  13                  589.699             1713.39             7.54166             
14                  14                  598.764             1710.14             7.27263             
14                  15                  564.545             1709.35             6.9567              
14                  16                  259.74              1716.49             7.60078             

15                  5                   38.9037             1709.62             9.26431             
15                  6                   79.5397             1715.18             9.38183             
15                  7                   117.541             1722.07             8.91112             
15                  8                   174.731             1726.8              8.30734             
15                  9                   230.977             1727.46             7.90826             
15                  10                  263.13              1726.46             8.1637              
15                  11                  284.501             1724.07             8.42566             
15                  12                  294.312             1720.16             8.72136             
15                  13                  327.885             1716.49             7.84898             
15                  14                  296.408             1715.89             8.18706             
15                  15                  243.939             1716.43             8.62349             
15                  16                  138.03              1717.23             7.91274             
