	0	0	0	0	0	0
	0	1	0	0	0	0
	0	2	0	0	0	0
	0	3	0	0	0	0
	0	4	0	0	0	0
	0	5	0	0	0	0
	0	6	0	0	0	0
	0	7	0	0	0	0
	0	8	0	0	0	0
	0	9	0	0	0	0
	0	10	0	0	0	0
	0	11	0	0	0	0
	0	12	0	0	0	0
	0	13	0	0	0	0
	0	14	0	0	0	0
	0	15	0	0	0	0
	0	16	0	0	0	0
	0	17	0	0	0	0
	0	18	0	0	0	0
	0	19	0	0	0	0
	0	20	0	0	0	0
	0	21	0	0	0	0
	0	22	0	0	0	0
	0	23	0	0	0	0
	0	24	0	0	0	0
	0	25	0	0	0	0
	0	26	0	0	0	0
	0	27	0	0	0	0
	0	28	0	0	0	0
	0	29	0	0	0	0
	0	30	0	0	0	0
	0	31	0	0	0	0
	1	0	0	0	0	0
	1	1	0	0	0	0
	1	2	0	0	0	0
	1	3	0	0	0	0
	1	4	0	0	0	0
	1	5	0	0	0	0
	1	6	0	0	0	0
	1	7	0	0	0	0
	1	8	0	0	0	0
	1	9	0	0	0	0
	1	10	0	0	0	0
	1	11	0	0	0	0
	1	12	0	0	0	0
	1	13	0	0	0	0
	1	14	0	0	0	0
	1	15	0.893281	0	99.6996	0
	1	16	0	0	0	0
	1	17	0.884079	0.01724	19.8852	23.1172
	1	18	0	0	0	0
	1	19	0	0	0	0
	1	20	0	0	0	0
	1	21	0	0	0	0
	1	22	0	0	0	0
	1	23	0	0	0	0
	1	24	0	0	0	0
	1	25	0	0	0	0
	1	26	0	0	0	0
	1	27	0	0	0	0
	1	28	0	0	0	0
	1	29	0	0	0	0
	1	30	0	0	0	0
	1	31	0	0	0	0
	2	0	0.972429	0.00315461	-109.714	4.7878
	2	1	0	0	0	0
	2	2	0.958957	0.000994818	-77.4467	0.98484
	2	3	0	0	0	0
	2	4	0.963768	0	-79.7464	0
	2	5	0.960472	0.00229407	-46.2928	3.01268
	2	6	1.0284	0.00106994	-56.1269	1.25588
	2	7	0	0	0	0
	2	8	0.93496	0.000942389	-32.9388	1.21422
	2	9	0.954977	0.00116174	-34.2222	1.34919
	2	10	0.935474	0.00144911	-44.1985	1.97822
	2	11	0.953942	0.00116215	-47.0652	1.40265
	2	12	0.928568	0.00108884	-45.43	1.22909
	2	13	0.99469	0.0213188	-79.5979	28.3972
	2	14	0.982671	0.0016203	-56.7003	2.87503
	2	15	0.949565	0.00149979	-35.1602	1.96917
	2	16	0.873252	0.000962041	-18.5551	1.21168
	2	17	0	0	0	0
	2	18	0	0	0	0
	2	19	0	0	0	0
	2	20	0.895166	0.00150363	-35.7279	1.78049
	2	21	0.889537	0.00912376	-24.2335	12.995
	2	22	0.950786	0.00141697	-33.3821	1.84383
	2	23	0	0	0	0
	2	24	0.911484	0.00214501	-33.9573	2.90635
	2	25	0.879249	0.00920582	-49.0999	13.119
	2	26	0	0	0	0
	2	27	0.953475	0.00337976	-125.44	5.04891
	2	28	0.864793	0.0051794	5.7342	7.38577
	2	29	0	0	0	0
	2	30	0	0	0	0
	2	31	1.08942	0.00261659	-314.376	3.6078
	3	0	0	0	0	0
	3	1	0	0	0	0
	3	2	0.975845	0	-90.913	0
	3	3	0	0	0	0
	3	4	0.99899	0.00793782	-114.968	11.2653
	3	5	0.975494	0.00159162	-51.4486	1.70854
	3	6	1.06013	0.00316493	-73.7756	3.65333
	3	7	1.03886	0.00433939	-72.2544	6.30562
	3	8	0.968101	0.00282317	-59.901	3.75407
	3	9	0.967446	0.00149173	-37.7802	1.50731
	3	10	0	0	0	0
	3	11	0.968251	0.000942587	-52.0471	1.14896
	3	12	0.966109	0.00522536	-79.0415	7.09614
	3	13	0.974283	0.00279394	-42.0327	3.80467
	3	14	1.00043	0.000953928	-60.2855	1.11103
	3	15	0.973903	0.00091247	-50.4489	1.05636
	3	16	0.891957	0.0010715	-29.0887	1.22796
	3	17	0.906048	0.0012968	-29.7044	1.59399
	3	18	0.899186	0.000994642	-36.0866	1.13625
	3	19	0.922555	0.000979431	-56.4907	1.3321
	3	20	0.920897	0.00215441	-55.9131	2.97013
	3	21	0.949604	0.0111514	-81.845	13.7669
	3	22	0	0	0	0
	3	23	0.914352	0	-65.0046	0
	3	24	0.955087	4.31938e-05	-75.6923	0.0498751
	3	25	1.04348	0	-247.13	0
	3	26	0.896121	0.00848881	-48.8993	12.0433
	3	27	0	0	0	0
	3	28	0.896403	0.00802792	-20.1987	11.2598
	3	29	0.937748	0.00530733	-68.0015	7.53623
	3	30	0.890822	0.00159067	-9.84981	2.08762
	3	31	0	0	0	0
	4	0	0	0	0	0
	4	1	1.0389	0.00778975	-153.817	11.7132
	4	2	0	0	0	0
	4	3	1.02048	0.00755896	-114.223	10.9854
	4	4	0.966042	0.00265266	-98.258	3.95325
	4	5	0.968417	0.00248568	-63.039	3.27963
	4	6	1.2582	0.0379771	-388.557	53.3545
	4	7	1.03783	0.0123735	-95.4982	16.6737
	4	8	0.950163	0.00423627	-61.2154	6.12555
	4	9	0.974575	0.00270814	-67.4244	3.82454
	4	10	0.963658	0.00635022	-91.7692	9.05565
	4	11	0.953276	0.00104943	-56.6713	1.34658
	4	12	0.93432	0.00145971	-65.0178	2.15275
	4	13	0.957046	0.00114452	-43.688	1.59277
	4	14	0.985093	0.000677988	-63.6703	0.886814
	4	15	0.974397	0.00404189	-74.1114	5.58313
	4	16	0.877795	0.000815383	-33.4548	1.03725
	4	17	0.901712	0.00152453	-43.7484	2.05535
	4	18	0.886364	0	-36.6136	0
	4	19	0.906213	0.000769121	-60.7769	0.912436
	4	20	0	0	0	0
	4	21	0.902132	0.00159616	-45.2699	2.17846
	4	22	0.961007	0.000869611	-55.2145	1.07998
	4	23	0	0	0	0
	4	24	0.912875	0.00103652	-45.8797	1.341
	4	25	0.911534	0.00468105	-102.661	6.6045
	4	26	0	0	0	0
	4	27	0	0	0	0
	4	28	0.94089	0.00297273	-96.7748	3.37748
	4	29	0.915386	0.0169205	-63.0253	24.5368
	4	30	0.892929	0.0033314	-36.7334	4.69057
	4	31	0	0	0	0
	5	0	0	0	0	0
	5	1	0	0	0	0
	5	2	0	0	0	0
	5	3	1.04935	0.00109411	-78.1791	1.32029
	5	4	0.991212	0.000915489	-60.4579	1.22988
	5	5	0	0	0	0
	5	6	1.10835	0.003925	-90.7782	5.0981
	5	7	1.068	0.00181039	-61.0139	2.29863
	5	8	0.992821	0.000876767	-51.4818	1.13187
	5	9	1.01156	0.00136249	-47.9486	1.78081
	5	10	1.01939	0.00416481	-94.5981	5.48292
	5	11	1.00486	0.000703452	-56.4304	0.882738
	5	12	0.977226	0.00356547	-54.4714	4.70663
	5	13	1.00403	0.00350425	-38.8861	4.66687
	5	14	1.07501	0.0105415	-108.167	13.2555
	5	15	1.0099	0.00049641	-54.2542	0.644711
	5	16	1.00116	0.0125263	-126.994	15.562
	5	17	0.945576	0.000578456	-37.9028	0.688128
	5	18	0.933382	0.000625285	-40.5833	0.81639
	5	19	0.996008	0.00293872	-107.703	3.741
	5	20	0.945691	0.000952774	-48.7004	1.09124
	5	21	0.94709	0.000834387	-41.9458	1.05765
	5	22	1.00772	0.000753085	-50.3962	0.891094
	5	23	0.926093	0.00157998	-47.6088	2.04904
	5	24	0.958313	0.00117596	-44.2275	1.40532
	5	25	0.928979	0.00078468	-61.9078	0.948857
	5	26	0.92703	0.00159281	-48.8303	2.03026
	5	27	0.950219	0.000927391	-65.0648	1.17249
	5	28	0.984565	0.00824431	-95.6132	10.8519
	5	29	0.987756	0.00251102	-91.4918	3.44853
	5	30	0.929707	0.00100039	-20.9264	1.34846
	5	31	0.943993	0.0015424	-31.0292	1.99879
	6	0	0	0	0	0
	6	1	0.931335	0.00454001	-49.9372	6.48898
	6	2	0	0	0	0
	6	3	0.936923	0.000982197	-48.2137	1.24172
	6	4	0.89231	0.00378085	-43.2182	5.39759
	6	5	1.00457	0.00974456	-163.445	13.4682
	6	6	1.01396	0.0109295	-95.3324	16.0563
	6	7	0.943333	0.0014711	-21.1977	2.10511
	6	8	0.888984	0.00139444	-26.0496	2.03573
	6	9	0.994866	0.0154088	-148.503	21.7539
	6	10	0.952081	0.00595965	-124.499	8.48962
	6	11	0.918499	0.00245616	-57.5895	3.57923
	6	12	0.873444	0.000694039	-27.9874	1.00005
	6	13	0.89307	0.000724942	-4.58926	1.02125
	6	14	0.928957	0.000687657	-38.1498	0.97832
	6	15	0.895903	0.000655407	-18.0045	0.893192
	6	16	0.83289	0.00193872	-16.6113	2.73284
	6	17	0.895223	0.00177114	-82.1471	2.47011
	6	18	0.829446	0.000542778	-9.35391	0.746789
	6	19	0.851684	0.000646933	-30.7088	0.897821
	6	20	0.844202	0.000681294	-20.8168	0.910519
	6	21	0	0	0	0
	6	22	0.941922	0.00303286	-78.0599	4.35109
	6	23	0.836666	0.00348488	-32.2476	4.99126
	6	24	0.864058	0.00383944	-27.3968	5.64651
	6	25	0.849297	0.00122954	-63.6361	1.80368
	6	26	0.859148	0.00312931	-66.3987	4.61259
	6	27	0.856252	0.00146226	-49.5541	2.14533
	6	28	0.885061	0.00811405	-72.7318	11.6246
	6	29	0.84821	0.00148146	-14.7176	2.152
	6	30	0.854024	0.00249085	-25.8521	3.56873
	6	31	0.913649	0.0124272	-109.848	18.5609
	7	0	0	0	0	0
	7	1	0	0	0	0
	7	2	0	0	0	0
	7	3	0	0	0	0
	7	4	0.918401	0.00450143	-89.8811	6.66314
	7	5	0.955042	0.00372376	-103.127	5.54489
	7	6	1.0022	0.00470772	-96.9526	6.90941
	7	7	0.961104	0.00294838	-59.9297	4.3959
	7	8	0.894564	0.000538318	-45.6216	0.752986
	7	9	0.921287	0.00188336	-56.963	2.75993
	7	10	0.91796	0.00218706	-89.1794	3.21105
	7	11	0.905405	0.000685483	-51.367	0.972409
	7	12	0.902229	0.00210421	-80.5586	3.08801
	7	13	0.915514	0.00105872	-47.1622	1.53449
	7	14	0.944711	0.000710912	-71.7612	1.04384
	7	15	0.923232	0.0015951	-66.7196	2.30545
	7	16	0.863939	0.00304685	-69.533	4.25394
	7	17	0.85578	0.000472795	-38.8837	0.64723
	7	18	0.91498	0.00199868	-133.811	2.65724
	7	19	0.873557	0.00193069	-72.1943	2.74042
	7	20	0.857148	0.000506781	-49.6316	0.664606
	7	21	0.856086	0.00195034	-40.7068	2.79239
	7	22	0.939993	0.00296813	-86.2183	4.25947
	7	23	0.915856	0.0110736	-152.037	15.4461
	7	24	0.873118	0.00118436	-49.6435	1.75731
	7	25	0.875197	0.00294744	-110.701	4.34535
	7	26	0.858153	0.00248154	-77.4872	3.69194
	7	27	0.881324	0.00208129	-95.7815	3.05477
	7	28	0.98831	0.0290368	-230.509	40.9687
	7	29	0.858943	0.00128643	-43.1331	1.85645
	7	30	0.872998	0.00239763	-65.9944	3.59341
	7	31	0.854344	0.0134652	-35.4146	19.7174
	8	0	0.941981	0.00133018	-79.9691	1.51238
	8	1	0	0	0	0
	8	2	0	0	0	0
	8	3	0	0	0	0
	8	4	1.01863	0.0275148	-173.35	37.4456
	8	5	0.99308	0.00320366	-101.074	4.42153
	8	6	1.07905	0.00313444	-139.986	4.43481
	8	7	1.0339	0.00298339	-99.59	4.20789
	8	8	0.942901	0.00129053	-59.1884	1.80578
	8	9	0.952184	0.000516642	-45.6419	0.723324
	8	10	0.976854	0.00360711	-113.185	4.93961
	8	11	0.972807	0.00183206	-89.3809	2.55982
	8	12	0.921711	0.000597786	-53.6822	0.827121
	8	13	1.00063	0.00417424	-109.058	5.75287
	8	14	0.983099	0.0005573	-68.047	0.749986
	8	15	0.96548	0.00147409	-70.2197	2.01751
	8	16	0.893056	0.00150353	-59.3447	2.02397
	8	17	0.905134	0.0014975	-56.4692	2.02961
	8	18	0.879762	0.000485323	-38.9284	0.63182
	8	19	0.907532	0.00119554	-67.9047	1.60945
	8	20	0.898734	0.000625074	-55.3506	0.825924
	8	21	0.891752	0.000398189	-38.4265	0.531585
	8	22	0.961606	0.00117929	-64.508	1.62296
	8	23	0.881358	0.00102628	-57.2074	1.40263
	8	24	0.921418	0.00225568	-62.89	3.12685
	8	25	0.934911	0.00576558	-136.426	7.62266
	8	26	0.874549	0.000934942	-47.345	1.30435
	8	27	0.916658	0.00232399	-93.0445	3.28476
	8	28	0.951756	0.00797898	-126.078	11.1046
	8	29	0.924818	0.00256371	-80.5686	3.65762
	8	30	0.94005	0.0127745	-104.007	17.4994
	8	31	1.0315	0.0160875	-227.876	22.814
	9	0	0	0	0	0
	9	1	0.99352	0.00725042	-108.124	10.2839
	9	2	0.932773	0	-77.916	0
	9	3	1.06253	0.0288996	-183.208	38.3648
	9	4	0.923729	0.000860405	-58.7362	1.18923
	9	5	0.94869	0.000814195	-58.9367	1.19685
	9	6	1.09073	0.00828013	-172.369	11.4384
	9	7	0.999368	0.00221295	-68.6355	3.15274
	9	8	0.919079	0.000499258	-40.9226	0.707945
	9	9	0.950983	0.00157629	-58.3794	2.252
	9	10	0.919138	0.000446917	-51.0133	0.612671
	9	11	0.934535	0.000554749	-52.6411	0.774357
	9	12	0.920261	0.00127211	-65.3409	1.7759
	9	13	0.934578	0.000416168	-34.516	0.568239
	9	14	0.968727	0.000413984	-63.636	0.565964
	9	15	0.955207	0.00117863	-70.4335	1.61549
	9	16	0.857272	0.000326368	-25.735	0.434608
	9	17	0.88083	0.000462374	-36.5958	0.627393
	9	18	0.87191	0.000870198	-41.7813	1.18204
	9	19	0.902118	0.00130272	-73.5218	1.76176
	9	20	0.87967	0.000425698	-43.0631	0.552733
	9	21	0.876545	0.000527729	-32.2415	0.701846
	9	22	0.987676	0.00177082	-111.584	2.39487
	9	23	0.86891	0.00150173	-53.8857	2.0805
	9	24	0.897866	0.000828384	-45.5709	1.14421
	9	25	0.879393	0.00215237	-79.2714	3.01959
	9	26	0.865159	0.0024007	-51.203	3.4313
	9	27	0.885212	0.000730489	-63.5426	1.02214
	9	28	0.897817	0.00284614	-65.9081	4.07904
	9	29	0.929333	0.00431694	-101.222	6.09683
	9	30	0.952698	0.00277716	-139.77	3.9648
	9	31	0	0	0	0
	10	0	0.976411	0.00398894	-108.248	5.21271
	10	1	1.09302	0	-198.512	0
	10	2	0.956753	0.00118884	-80.779	1.64801
	10	3	1.04941	0.00372084	-133.336	5.02265
	10	4	1.0037	0.00706439	-131.17	9.63721
	10	5	1.06211	0.00802841	-177.652	10.9299
	10	6	1.06225	0.00279629	-97.4571	3.86142
	10	7	1.05978	0.00265203	-113.399	3.59065
	10	8	0.956459	0.000513208	-57.9156	0.70042
	10	9	0.99724	0.00146418	-86.8107	2.02098
	10	10	0.962038	0.00107092	-75.6557	1.47375
	10	11	0.97343	0.000668561	-70.8359	0.91544
	10	12	0.941953	0.00044513	-62.785	0.597272
	10	13	0.98299	0.000932875	-65.5074	1.2541
	10	14	1.00647	0.000433606	-79.6371	0.57063
	10	15	0.976549	0.000391805	-65.9122	0.516832
	10	16	0.921786	0.00129099	-79.6985	1.67702
	10	17	0.930774	0.00110663	-71.3355	1.45835
	10	18	0.900263	0.000427254	-49.1572	0.551438
	10	19	0.933318	0.00110112	-83.8933	1.44543
	10	20	0.929957	0.00116612	-78.1692	1.52973
	10	21	0.915638	0.000974344	-52.8044	1.28451
	10	22	0.981219	0.00124948	-70.3927	1.644
	10	23	0.89482	0.000653984	-56.6006	0.860013
	10	24	0.939941	0.00148639	-70.5126	1.99574
	10	25	0.904149	0.00106326	-83.5874	1.43001
	10	26	0.90012	0.00225464	-65.4121	3.13015
	10	27	0.923834	0.00147176	-83.3198	2.03009
	10	28	0.90736	0.00200866	-48.792	2.76828
	10	29	0.926199	0.00173369	-64.3337	2.4195
	10	30	1.0078	0.0114542	-179.556	15.6083
	10	31	0	0	0	0
	11	0	0	0	0	0
	11	1	1.03325	0.00629332	-110.065	8.68295
	11	2	0.995197	0.00396208	-117.166	5.42519
	11	3	1.08888	0.00729994	-169.623	9.62839
	11	4	0.992393	0.00183674	-103.979	2.52173
	11	5	1.05918	0.00659541	-154.347	8.76854
	11	6	1.07841	0.00281685	-103.013	3.88053
	11	7	1.03195	0.000894416	-62.1071	1.21157
	11	8	0.997019	0.00188384	-97.1932	2.55652
	11	9	1.0038	0.0012581	-79.2731	1.70346
	11	10	0.990265	0.00126509	-98.1975	1.71122
	11	11	0.980796	0.000411065	-66.1154	0.53933
	11	12	0.954404	0.00045581	-64.8414	0.599295
	11	13	0.982273	0.000481549	-50.3369	0.629134
	11	14	1.01581	0.000332526	-77.3311	0.427984
	11	15	0.998974	0.000666025	-80.0453	0.86247
	11	16	0.904409	0.000385656	-44.3723	0.495392
	11	17	0.931401	0.000714471	-58.3632	0.924543
	11	18	0.923403	0.000722539	-65.343	0.935034
	11	19	0.944714	0.000715639	-84.9473	0.927597
	11	20	0.937556	0.000818722	-74.4506	1.05752
	11	21	0.929109	0.000748007	-56.4878	0.971204
	11	22	0.990048	0.000855099	-67.7021	1.10342
	11	23	0.911564	0.00101719	-65.5499	1.33454
	11	24	0.941333	0.000966332	-58.3427	1.26131
	11	25	0.944463	0.00151821	-120.724	2.06056
	11	26	0.908317	0.00164225	-61.5224	2.21962
	11	27	0.940542	0.00259541	-92.415	3.5446
	11	28	0.949347	0.00200696	-90.5374	2.77087
	11	29	0.972429	0.00754889	-108.718	9.8104
	11	30	0.910313	0.00132771	-34.758	1.82156
	11	31	0	0	0	0
	12	0	0	0	0	0
	12	1	0.965011	0.000892288	-92.9162	1.23995
	12	2	0.9775	0.00195061	-167.985	2.75057
	12	3	0.997731	0.00288944	-128.962	4.18692
	12	4	0.947198	0.00523046	-112.672	7.40137
	12	5	0.991209	0.00388835	-140.626	5.47549
	12	6	1.0116	0.0011216	-92.6998	1.59961
	12	7	0.982267	0.000715819	-70.1863	1.0315
	12	8	0.924073	0.00062766	-70.8987	0.899978
	12	9	0.958925	0.00116769	-92.8974	1.6678
	12	10	0.955833	0.000768519	-124.822	1.0864
	12	11	0.941033	0.000615203	-84.1221	0.86287
	12	12	0.914352	0.000585758	-80.7562	0.811105
	12	13	0.935042	0.000367481	-58.645	0.50194
	12	14	0.96616	0.000270549	-84.6631	0.368738
	12	15	0.946675	0.000527802	-83.0917	0.721287
	12	16	0.859093	0.000328336	-49.5641	0.445038
	12	17	0.887145	0.000558803	-66.9298	0.762925
	12	18	0.871283	0.000532092	-62.9365	0.724254
	12	19	0.89759	0.000504741	-90.7868	0.691747
	12	20	0.880787	0.000261231	-67.0113	0.349996
	12	21	0.887031	0.000735013	-67.3868	1.0034
	12	22	0.938527	0.000430482	-70.6664	0.583763
	12	23	0.864331	0.000794799	-68.5519	1.0917
	12	24	0.900867	0.000940322	-72.7158	1.28977
	12	25	0.873252	0.0012438	-93.1604	1.7489
	12	26	0.867786	0.00149258	-74.9738	2.13383
	12	27	0.89082	0.00152833	-93.2103	2.1971
	12	28	0.875952	0.00214589	-59.2492	3.10206
	12	29	0.887815	0.00230976	-67.6693	3.3239
	12	30	0.893523	0.00136203	-78.5367	1.95278
	12	31	0	0	0	0
	13	0	0.981439	0.0037769	-135.463	5.43866
	13	1	1.00056	0.00261555	-96.2323	3.69874
	13	2	0.964201	0.00385178	-103.787	5.26753
	13	3	1.01824	0.00275565	-110.896	3.87377
	13	4	0.931774	0.000530249	-50.9525	0.713421
	13	5	0.955593	0.000729386	-48.2206	1.03524
	13	6	1.02525	0.00129494	-63.9997	1.80951
	13	7	1.02124	0.00165749	-77.9792	2.3203
	13	8	0.931704	0.000671218	-39.1068	0.931757
	13	9	0.953228	0.00108392	-41.4588	1.4997
	13	10	0.96439	0.00123265	-92.1641	1.66364
	13	11	0.949677	0.000605492	-53.3512	0.810866
	13	12	0.918027	0.000340543	-44.4054	0.450377
	13	13	0.959934	0.000607366	-48.8914	0.807108
	13	14	0.986365	0.000584852	-67.3328	0.771477
	13	15	0.954689	0.000522448	-50.695	0.686651
	13	16	0.879628	0.000561633	-37.5021	0.738853
	13	17	0.891786	0.000429551	-33.4119	0.564572
	13	18	0.871821	0.000266797	-24.7417	0.347093
	13	19	0.900375	0.000409802	-54.0765	0.540018
	13	20	0.892981	0.000327287	-42.8576	0.430348
	13	21	0.88557	0.000350455	-26.3042	0.458568
	13	22	0.965295	0.000849463	-63.0024	1.11946
	13	23	0.882681	0.000843697	-53.0435	1.11949
	13	24	0.913531	0.000938002	-48.9592	1.24688
	13	25	0	0	0	0
	13	26	0.892492	0.00119539	-67.5459	1.63148
	13	27	0.897031	0.00213077	-61.9481	2.95827
	13	28	0.89995	0.00231811	-52.1361	3.2611
	13	29	0.955365	0.00231296	-118.209	3.21457
	13	30	0.889481	0.0021464	-31.8731	3.02231
	13	31	0	0	0	0
	14	0	0.971195	0.0031074	-129.583	4.48287
	14	1	1.18182	0	-335.364	0
	14	2	0.971815	0.00331929	-123.795	4.67579
	14	3	1.04117	0.00261468	-153.576	3.75767
	14	4	0.999483	0.00514757	-152.326	7.2011
	14	5	0.981076	0.00185357	-90.423	2.62388
	14	6	1.04793	0.00201663	-103.525	2.81905
	14	7	1.01764	0.00128756	-81.1828	1.79131
	14	8	0.961482	0.00140012	-86.2547	1.95211
	14	9	0.994047	0.00166106	-105.097	2.29014
	14	10	0.939646	0.000450848	-67.8056	0.607209
	14	11	0.955108	0.000385844	-68.752	0.5157
	14	12	0.92463	0.000240472	-60.9124	0.315103
	14	13	0.955759	0.000420258	-51.8344	0.556052
	14	14	0.998537	0.000538146	-91.6536	0.709783
	14	15	0.957081	0.000247648	-62.6175	0.323945
	14	16	0.885259	0.000438605	-52.3756	0.579881
	14	17	0.90648	0.000474829	-60.2752	0.63041
	14	18	0.886377	0.000363855	-50.9697	0.480036
	14	19	0.929257	0.000636758	-99.3787	0.851323
	14	20	0.917758	0.000625975	-82.9065	0.830735
	14	21	0.909324	0.000582797	-64.3835	0.773195
	14	22	0.979293	0.000838284	-89.6036	1.11008
	14	23	0.900626	0.00090302	-84.4844	1.204
	14	24	0.91115	0.000357402	-53.5603	0.468864
	14	25	0.885121	0.000805657	-76.8047	1.07907
	14	26	0.885394	0.00150915	-66.4852	2.08987
	14	27	1.00175	0.00644894	-206.743	8.5982
	14	28	0.887562	0.000834464	-42.1298	1.16815
	14	29	0.967817	0.00666714	-142.098	9.13818
	14	30	0.941412	0.00311126	-110.023	4.32163
	14	31	0	0	0	0
	15	0	0.895855	0.000962218	-57.2309	1.31947
	15	1	0.958923	0.00252039	-84.7632	3.61145
	15	2	0.908168	0.00263139	-71.221	3.78436
	15	3	0.987562	0.0028522	-113.613	4.0645
	15	4	0.944844	0.0033712	-112.527	4.88183
	15	5	0.926695	0.000859967	-51.2495	1.24086
	15	6	1.0214	0.0018132	-106.802	2.6208
	15	7	0.970599	0.00128663	-54.1826	1.84963
	15	8	0.900684	0.000323428	-38.1371	0.456071
	15	9	0.958079	0.00113203	-91.9312	1.6021
	15	10	0.909887	0.000645469	-61.9633	0.900346
	15	11	0.915996	0.000332534	-50.1838	0.454754
	15	12	0.903298	0.000529131	-65.4842	0.721883
	15	13	0.920611	0.000460333	-38.6112	0.628174
	15	14	0.957634	0.000520007	-72.3533	0.706722
	15	15	0.921256	0.00034589	-48.4765	0.468513
	15	16	0.842461	0.000273152	-26.6603	0.369817
	15	17	0.876637	0.000492209	-52.1169	0.671151
	15	18	0.858647	0.000468052	-45.4688	0.63746
	15	19	0.88383	0.000481003	-71.3368	0.657027
	15	20	0.872423	0.000519587	-54.8856	0.70727
	15	21	0.869702	0.000512318	-43.8354	0.699432
	15	22	0.924442	0.000575348	-50.8102	0.780827
	15	23	0.855998	0.000637758	-56.7004	0.878095
	15	24	0.8759	0.000429305	-38.7389	0.584506
	15	25	0.875723	0.00115663	-96.3858	1.63193
	15	26	0.836082	0.000485209	-32.015	0.671024
	15	27	0.866123	0.000700048	-59.2023	0.995509
	15	28	0.856631	0.000992296	-30.8462	1.43219
	15	29	0.881021	0.00202016	-58.2091	2.93504
	15	30	0.891109	0.00537161	-73.8486	7.5741
	15	31	0	0	0	0
	16	0	0	0	0	0
	16	1	1.21717	0.0546355	-284.661	64.9575
	16	2	1.07977	0.00717075	-182.257	8.73273
	16	3	1.08631	0.00275009	-125.434	3.68154
	16	4	1.0308	0.0019068	-111.972	2.55492
	16	5	1.08843	0.00165068	-150.58	2.15563
	16	6	1.12561	0.00128779	-118.457	1.70255
	16	7	1.08498	0.00111266	-87.5278	1.46702
	16	8	1.01204	0.000493717	-75.9624	0.642655
	16	9	1.08926	0.00214765	-147.791	2.75934
	16	10	1.0332	0.000810833	-112.585	1.03125
	16	11	1.04833	0.000637164	-111.677	0.805956
	16	12	1.01742	0.000593918	-105.62	0.74354
	16	13	1.03296	0.000484246	-75.1051	0.602841
	16	14	1.07085	0.000455397	-105.846	0.566777
	16	15	1.03909	0.000465104	-91.3216	0.579926
	16	16	0.95542	0.000434619	-72.3485	0.541646
	16	17	0.972444	0.00045249	-73.4855	0.561744
	16	18	0.951647	0.000254489	-64.63	0.314222
	16	19	0.981711	0.000447022	-94.3355	0.557928
	16	20	0.989406	0.000655902	-102.291	0.819734
	16	21	0.97924	0.000582694	-82.6066	0.728918
	16	22	1.0835	0.00100866	-144.318	1.25453
	16	23	0.989146	0.00128316	-125.629	1.60193
	16	24	0.984472	0.000525305	-75.3762	0.654323
	16	25	0	0	0	0
	16	26	0.988099	0.00221982	-126.379	2.8313
	16	27	0.974463	0.000931895	-96.2991	1.20962
	16	28	0.978595	0.00203518	-88.8898	2.69824
	16	29	1.02956	0.00777485	-142.526	9.88047
	16	30	0.954947	0.0010281	-54.2578	1.36305
	16	31	0.959068	0.000873422	-53.411	1.01883
	17	0	0	0	0	0
	17	1	1.07712	0.00100369	-91.3879	1.2216
	17	2	1.07719	0.00300925	-146.841	3.95403
	17	3	1.08398	0.000636082	-92.9564	0.778034
	17	4	1.02724	0.000769956	-78.0821	0.985807
	17	5	1.11899	0.0021648	-158.619	2.77921
	17	6	1.17061	0.00226526	-142.67	2.92128
	17	7	1.09137	0.000708538	-64.4652	0.908496
	17	8	1.02844	0.00109174	-67.7533	1.39533
	17	9	1.05751	0.00103861	-77.2437	1.32157
	17	10	1.04517	0.00081067	-98.0854	1.00916
	17	11	1.04391	0.000582467	-77.0614	0.718211
	17	12	1.01343	0.000455094	-72.3643	0.555456
	17	13	1.0455	0.000523042	-61.0033	0.639346
	17	14	1.07142	0.000240109	-76.2661	0.28909
	17	15	1.04817	0.000341508	-72.9747	0.416426
	17	16	0.958191	0.000440417	-48.8955	0.53522
	17	17	0.976045	0.000259317	-50.2708	0.313078
	17	18	0.964853	0.000393712	-53.8997	0.48006
	17	19	0.997265	0.000488482	-85.4397	0.597459
	17	20	0.992631	0.000527778	-78.3201	0.643547
	17	21	0.987534	0.000617373	-64.9008	0.751826
	17	22	1.04098	0.000319548	-63.2715	0.386185
	17	23	0.978504	0.000828551	-85.0646	1.01706
	17	24	1.03379	0.00117098	-106.974	1.43079
	17	25	0.971324	0.000977351	-90.2706	1.22445
	17	26	0.952616	0.00162541	-55.3051	2.05124
	17	27	0.990317	0.00134402	-88.3301	1.71977
	17	28	0.971763	0.00145244	-52.8844	1.86654
	17	29	1.01541	0.00151509	-99.4747	1.98566
	17	30	1.00134	0.00470229	-83.2156	6.0598
	17	31	0	0	0	0
	18	0	0.95147	0.0285031	-196.055	40.5014
	18	1	1.0219	0.0163614	-237.471	23.7668
	18	2	0.911648	0.00645963	-137.331	9.55389
	18	3	0.939006	0.00207962	-112.468	3.17649
	18	4	0.876416	0.00108119	-76.5108	1.64198
	18	5	0.900609	0.00152758	-77.4239	2.32267
	18	6	0.957229	0.000786877	-81.955	1.17741
	18	7	0.941459	0.0014638	-78.0804	2.20406
	18	8	0.884368	0.000875802	-76.927	1.33043
	18	9	0.894716	0.000835405	-65.5478	1.24897
	18	10	0.873001	0.000453341	-70.1339	0.66512
	18	11	0.894943	0.000523067	-81.8083	0.760048
	18	12	0.867351	0.000490401	-74.8188	0.70374
	18	13	0.883793	0.000241279	-48.2127	0.342561
	18	14	0.917303	0.000286695	-79.5636	0.407143
	18	15	0.90106	0.000486414	-81.3076	0.694868
	18	16	0.82136	0.000425395	-52.9945	0.606846
	18	17	0.831903	0.000230448	-48.0494	0.326428
	18	18	0.8203	0.000258038	-48.6395	0.367436
	18	19	0.847731	0.000462824	-80.0366	0.6647
	18	20	0.844804	0.000502608	-74.1971	0.719516
	18	21	0.835134	0.000491935	-53.4124	0.702692
	18	22	0.889766	0.000463703	-64.2007	0.659018
	18	23	0.815452	0.000499141	-56.5813	0.713098
	18	24	0.868196	0.000915923	-86.2209	1.32649
	18	25	0.846575	0.00123441	-113.603	1.81305
	18	26	0.820428	0.00139146	-64.9377	2.07024
	18	27	0.852463	0.00155684	-98.7201	2.35598
	18	28	0.888165	0.00638544	-136.826	9.43357
	18	29	0.84414	0.00199252	-63.9786	3.03457
	18	30	0.901025	0.00868258	-148.757	12.6015
	18	31	0.862486	0.00141324	-87.509	2.17513
	19	0	0	0	0	0
	19	1	1.08336	0.00137767	-91.8958	1.71282
	19	2	1.14704	0.0120031	-233.494	15.3242
	19	3	1.09455	0.00103411	-96.9974	1.2967
	19	4	1.03911	0.0010446	-84.1578	1.33528
	19	5	1.09008	0.00254145	-114.121	3.30827
	19	6	1.15676	0.00139913	-118.017	1.80251
	19	7	1.09708	0.000489686	-63.1585	0.608984
	19	8	1.0589	0.00123388	-97.3448	1.57229
	19	9	1.05232	0.000615199	-63.001	0.77913
	19	10	1.04188	0.000912462	-86.4351	1.14807
	19	11	1.05309	0.000626399	-80	0.775999
	19	12	1.02411	0.000576785	-77.7529	0.70597
	19	13	1.06363	0.000619599	-75.2112	0.755775
	19	14	1.08998	0.000550814	-90.7507	0.668498
	19	15	1.0613	0.000584733	-81.0799	0.709067
	19	16	0.975663	0.000457782	-62.7367	0.555782
	19	17	0.992047	0.000485216	-62.9654	0.588897
	19	18	0.967201	0.000241654	-49.8707	0.289051
	19	19	0.9989	0.000466155	-80.3689	0.563569
	19	20	0.989597	0.000332301	-67.6881	0.400013
	19	21	0.984966	0.000394572	-54.6765	0.474609
	19	22	1.0588	0.000708138	-76.464	0.860538
	19	23	0.993583	0.00105832	-95.8247	1.28937
	19	24	1.04695	0.00131113	-115.362	1.60007
	19	25	1.06517	0.00431704	-194.873	5.27342
	19	26	0.958688	0.000452773	-55.5496	0.55568
	19	27	0.997641	0.00147168	-90.5784	1.88301
	19	28	0.978065	0.000951184	-51.899	1.20797
	19	29	1.03566	0.00312323	-115.603	4.02337
	19	30	1.04219	0.00281573	-127.89	3.6245
	19	31	1.01452	0.00530412	-87.295	6.91522
	20	0	0	0	0	0
	20	1	1.0735	0.00363596	-115.918	4.75244
	20	2	1.05344	0.00570218	-148.363	7.36957
	20	3	1.17757	0.0167276	-240.309	21.3692
	20	4	1.00914	0.000691413	-81.197	0.90399
	20	5	1.05313	0.00233907	-105.008	3.11316
	20	6	1.11116	0.00173784	-99.9303	2.30969
	20	7	1.06767	0.00059142	-64.1114	0.767106
	20	8	1.01575	0.000831306	-79.2915	1.09603
	20	9	1.02411	0.000569556	-63.8009	0.73542
	20	10	1.02724	0.00123841	-104.585	1.61188
	20	11	1.03537	0.000893554	-94.3834	1.15441
	20	12	1.00077	0.000679005	-83.9844	0.867599
	20	13	1.01965	0.000340582	-57.0685	0.42339
	20	14	1.0602	0.00040267	-90.8925	0.502071
	20	15	1.03875	0.000681155	-89.5228	0.856677
	20	16	0.939886	0.000334344	-52.1066	0.41611
	20	17	0.977451	0.000622298	-78.2665	0.779367
	20	18	0.949021	0.000479141	-60.3142	0.597318
	20	19	0.99165	0.000725461	-105.484	0.917087
	20	20	0.988889	0.000765152	-100.104	0.952866
	20	21	0.974071	0.000692459	-74.6862	0.867249
	20	22	1.03492	0.000733079	-83.281	0.915785
	20	23	0.937783	0.000557502	-61.1457	0.694818
	20	24	0.977747	0.000626872	-65.5992	0.783529
	20	25	0.955206	0.00117587	-95.7482	1.51854
	20	26	0.93852	0.000905302	-62.796	1.17559
	20	27	0.976389	0.00217027	-98.0274	2.8655
	20	28	0.962744	0.00183949	-65.9399	2.44909
	20	29	0.984341	0.00199148	-86.1211	2.66146
	20	30	0.94309	0.000837824	-36.8366	1.09064
	20	31	0	0	0	0
	21	0	1.04804	0.00517491	-104.745	6.62133
	21	1	1.08637	0.00129898	-91.9292	1.65183
	21	2	1.04234	0.0017729	-95.3872	2.25031
	21	3	1.09522	0.000854065	-92.8379	1.04773
	21	4	1.08057	0.0027603	-131.43	3.56683
	21	5	1.0756	0.0022436	-91	2.92753
	21	6	1.13831	0.00151388	-90.1018	1.94571
	21	7	1.12786	0.00201516	-96.7898	2.59908
	21	8	1.09103	0.00206178	-132.853	2.59662
	21	9	1.06844	0.00140601	-78.5943	1.80343
	21	10	1.05374	0.00123869	-96.8472	1.57892
	21	11	1.06871	0.00107312	-95.2281	1.3606
	21	12	1.04458	0.00123259	-98.7119	1.53196
	21	13	1.04896	0.000370085	-53.9758	0.450536
	21	14	1.09347	0.000619863	-91.0512	0.759103
	21	15	1.0657	0.000753228	-82.8093	0.921427
	21	16	0.967657	0.000393975	-49.946	0.475187
	21	17	0.993322	0.000504034	-60.3838	0.609916
	21	18	0.977457	0.000542329	-58.498	0.660435
	21	19	0.998759	0.000455531	-76.8961	0.548343
	21	20	1.01694	0.000975966	-96.9417	1.19662
	21	21	1.01137	0.0013332	-82.3111	1.61839
	21	22	1.05874	0.000709767	-72.9115	0.860678
	21	23	0.967977	0.000650266	-62.3595	0.792404
	21	24	1.05666	0.00252409	-123.408	3.09281
	21	25	1.00442	0.00154254	-117.783	1.95978
	21	26	0.992469	0.00218934	-93.2165	2.77726
	21	27	0.998929	0.000807492	-87.7432	1.02804
	21	28	1.0681	0.0104006	-160.06	12.9894
	21	29	1.01919	0.00177111	-91.0057	2.29649
	21	30	0.997517	0.00267334	-68.824	3.4997
	21	31	0	0	0	0
	22	0	0	0	0	0
	22	1	1.07314	0.00237846	-96.3276	2.95527
	22	2	1.05137	0.00709402	-124.654	9.3516
	22	3	1.09678	0.00468678	-114.59	6.1424
	22	4	1.04645	0.00281026	-108.599	3.67545
	22	5	1.04462	0.000723718	-71.8456	0.921191
	22	6	1.14241	0.00292438	-115.841	3.83827
	22	7	1.09648	0.00234708	-78.3811	3.09242
	22	8	1.0513	0.00214571	-103.51	2.79447
	22	9	1.07127	0.00225771	-101.782	2.89884
	22	10	1.08631	0.00185098	-157.881	2.35531
	22	11	1.04161	0.00111057	-81.0159	1.43669
	22	12	1.04159	0.00213659	-114.387	2.71358
	22	13	1.0351	0.000584426	-55.8013	0.734574
	22	14	1.08137	0.00101172	-95.7499	1.27548
	22	15	1.05833	0.00102281	-93.0517	1.28595
	22	16	0.980497	0.00103552	-82.9233	1.29058
	22	17	0.972576	0.000409425	-53.1589	0.501855
	22	18	0.977607	0.00108042	-75.8806	1.34226
	22	19	0.985364	0.000648981	-77.8395	0.81407
	22	20	0.975565	0.000408945	-64.6269	0.494723
	22	21	0.975557	0.000970183	-57.6546	1.21446
	22	22	1.04396	0.00107527	-73.7499	1.34545
	22	23	0.989493	0.00143168	-105.962	1.79225
	22	24	1.02286	0.00216275	-99.5748	2.6926
	22	25	1.01218	0.00336381	-145.328	4.26403
	22	26	0.966608	0.0024398	-80.9254	3.18643
	22	27	0.981084	0.00154306	-84.7867	2.00474
	22	28	1.02205	0.00284887	-121.19	3.6991
	22	29	0.976467	0.000925989	-56.2034	1.20114
	22	30	1.06461	0.00853773	-174.587	11.1236
	22	31	0	0	0	0
	23	0	0	0	0	0
	23	1	0	0	0	0
	23	2	1.06618	0.0177686	-149.913	23.0008
	23	3	1.07745	0.00462248	-99.5474	6.10636
	23	4	1.06086	0.0200879	-132.269	24.964
	23	5	1.03754	0.000824751	-70.382	1.06878
	23	6	1.11457	0.00118372	-88.0845	1.52607
	23	7	1.09037	0.00221645	-77.1597	2.94855
	23	8	1.02546	0.0012827	-77.8484	1.67891
	23	9	1.02777	0.00050853	-54.5952	0.646148
	23	10	1.02463	0.00122691	-86.8871	1.59294
	23	11	1.02751	0.00063941	-70.4064	0.82732
	23	12	1.00376	0.00130433	-74.338	1.68791
	23	13	1.03182	0.00103108	-58.6783	1.33193
	23	14	1.07095	0.00110889	-90.561	1.41757
	23	15	1.02682	0.00047602	-61.1749	0.588687
	23	16	0.943697	0.000367529	-43.6665	0.456985
	23	17	0.974406	0.0010609	-61.9901	1.35252
	23	18	0.963829	0.0013026	-65.6168	1.64224
	23	19	0.973168	0.000556888	-69.1759	0.676713
	23	20	0.97305	0.000855249	-67.937	1.08662
	23	21	0.990332	0.00194935	-80.918	2.43406
	23	22	1.02654	0.000740567	-58.667	0.924565
	23	23	0.993295	0.00378528	-117.068	4.74218
	23	24	1.01931	0.00152358	-103.898	1.94347
	23	25	0.974141	0.0029154	-105.546	3.79363
	23	26	0.940527	0.00123317	-52.6021	1.60596
	23	27	0.973175	0.000951828	-80.9309	1.23929
	23	28	0.959794	0.00103603	-48.9096	1.34404
	23	29	0.973882	0.00112689	-59.0695	1.45435
	23	30	1.02472	0.00239807	-126.998	3.04563
	23	31	0	0	0	0
	24	0	0	0	0	0
	24	1	0	0	0	0
	24	2	1.16901	0	-298.817	0
	24	3	1.08323	0.00111781	-121.385	1.36869
	24	4	1.06535	0.003956	-147.228	5.77152
	24	5	1.13555	0.0128043	-206.346	17.4462
	24	6	1.17725	0.00233249	-184.094	2.98374
	24	7	1.18624	0.00711396	-220.267	9.57517
	24	8	1.02884	0.0012864	-98.4483	1.66111
	24	9	1.06166	0.00218924	-117.341	2.90236
	24	10	1.02107	0.00103727	-101.656	1.35563
	24	11	1.03963	0.0014149	-105.023	1.83351
	24	12	1.0166	0.00170136	-108.496	2.25012
	24	13	1.02463	0.00065143	-67.6812	0.872434
	24	14	1.06178	0.000904156	-98.913	1.16732
	24	15	1.03232	0.000936698	-88.0363	1.17033
	24	16	0.945873	0.000968483	-64.5005	1.22688
	24	17	0.973994	0.00131968	-78.2539	1.67346
	24	18	1.01996	0.00421825	-153.339	5.35996
	24	19	0.978643	0.00115843	-94.7934	1.47256
	24	20	1.01026	0.00507519	-130.366	6.47756
	24	21	0.971398	0.00125098	-76.2188	1.57355
	24	22	1.04541	0.00123574	-97.9959	1.56127
	24	23	0.951455	0.00109896	-82.494	1.40515
	24	24	0.986312	0.0010278	-81.003	1.30729
	24	25	0.991227	0.00341814	-144.593	4.52524
	24	26	0.942548	0.00141534	-75.2882	1.80111
	24	27	1.01853	0.00474363	-156.119	6.47984
	24	28	1.03804	0.00477068	-164.563	6.34337
	24	29	1.02237	0.0103346	-135.722	13.6853
	24	30	1.03709	0.0207132	-156.134	27.2651
	24	31	0	0	0	0
	25	0	0	0	0	0
	25	1	1.05768	0.00206765	-87.3586	2.7147
	25	2	0	0	0	0
	25	3	0	0	0	0
	25	4	1.09016	0.0144636	-179.624	18.5532
	25	5	1.02364	0.00136788	-63.1405	1.70844
	25	6	1.11667	0.00144818	-97.504	1.85712
	25	7	1.08758	0.00354992	-81.8949	4.66353
	25	8	1.00014	0.000818552	-54.8471	1.04919
	25	9	1.11723	0.0169443	-175.93	21.711
	25	10	1.04571	0.00658112	-120.71	8.24464
	25	11	1.02533	0.00234404	-77.0811	3.10318
	25	12	0.991798	0.00123869	-67.6367	1.62028
	25	13	1.02656	0.00222156	-60.3467	2.93251
	25	14	1.04985	0.000676154	-72.292	0.854936
	25	15	1.01877	0.00107059	-59.5396	1.38137
	25	16	0.937618	0.000933319	-44.9114	1.21558
	25	17	0.973726	0.00201609	-68.2183	2.62998
	25	18	0.975516	0.00335513	-87.8619	4.31398
	25	19	0.967917	0.000762856	-71.0858	0.977958
	25	20	0.960961	0.000618287	-60.1726	0.786525
	25	21	1.01906	0.00689856	-126.5	8.77871
	25	22	1.06514	0.0048109	-114.031	6.00527
	25	23	0.934691	0.000515676	-51.5386	0.645909
	25	24	1.07162	0.00950604	-175.837	11.8381
	25	25	0.984765	0.00274052	-126.54	3.60487
	25	26	0.939568	0.00158274	-59.378	2.1384
	25	27	0.978876	0.00152746	-94.6995	2.04195
	25	28	1.02869	0.0111565	-146.728	14.423
	25	29	0.956376	0.000867353	-46.2634	1.11722
	25	30	1.04207	0.0391011	-152.735	47.1676
	25	31	0.993944	0.00765942	-93.4572	10.3427
	26	0	0	0	0	0
	26	1	1.15942	0.0274938	-183	36.5347
	26	2	1.03752	0.00142428	-79.1257	1.79905
	26	3	1.10348	0.00173495	-91.7359	2.0115
	26	4	1.03716	0.000880234	-70.0538	1.00527
	26	5	1.1638	0.0232107	-196.907	29.9588
	26	6	1.1875	0	-134.688	0
	26	7	1.20318	0.0366636	-174.165	44.5177
	26	8	1.04166	0.00163748	-62.447	2.11371
	26	9	1.0604	0.00177237	-60.4293	2.3159
	26	10	1.05764	0.00404595	-91.8415	5.25368
	26	11	1.04772	0.000794651	-60.415	0.958495
	26	12	1.01979	0.000593051	-59.7253	0.721773
	26	13	1.04994	0.00072041	-46.3641	0.88389
	26	14	1.08917	0.000634287	-75.8287	0.768497
	26	15	1.05699	0.000669879	-62.4052	0.821729
	26	16	1.00769	0.00528737	-88.3574	6.43687
	26	17	0.988622	0.000584644	-45.9508	0.685489
	26	18	0.971827	0.000665623	-42.844	0.803158
	26	19	0.996464	0.000615089	-63.8848	0.743644
	26	20	0.998701	0.00265553	-65.954	3.36965
	26	21	0.989162	0.000622481	-47.195	0.769312
	26	22	1.05977	0.00129986	-64.9126	1.58876
	26	23	0.974486	0.00217583	-59.6805	2.76199
	26	24	1.01897	0.00232221	-68.8626	2.96219
	26	25	0.974357	0.00066846	-71.1619	0.823257
	26	26	0.964568	0.00416292	-51.1321	5.25896
	26	27	1.00894	0.00392532	-92.8143	5.09001
	26	28	0.97463	0.00100676	-36.7135	1.22293
	26	29	1.21368	0.02374	-333.684	30.668
	26	30	0.974639	0.00510891	-31.7432	6.48038
	26	31	1.00632	0.00786711	-65.6367	10.3726
	27	0	0	0	0	0
	27	1	1.07514	0.000654297	-99.409	0.667472
	27	2	0.916667	0	50.75	0
	27	3	1.09046	0.00449024	-111.526	5.92875
	27	4	1.03196	0.00102175	-91.9788	1.1119
	27	5	1.10266	0.00153908	-152.943	2.02992
	27	6	0	0	0	0
	27	7	1.08676	0.00127761	-69.7044	1.60608
	27	8	1.03149	0.00175186	-80.8028	2.28659
	27	9	1.05226	0.00287875	-81.7503	3.73469
	27	10	1.02691	0.00102903	-84.892	1.30982
	27	11	1.04647	0.00110122	-90.8211	1.4222
	27	12	1.00852	0.0006156	-76.7648	0.769406
	27	13	1.09281	0.000664987	-128.027	0.921424
	27	14	1.07588	0.000802108	-93.1931	1.02136
	27	15	1.06239	0.00319988	-99.388	4.06088
	27	16	1.00645	0.00723663	-116.423	9.15406
	27	17	0.984242	0.00217726	-70.6309	2.83402
	27	18	0.9774	0.00321647	-79.5713	4.19934
	27	19	0.997176	0.00276763	-95.5365	3.66297
	27	20	1.01768	0.00481479	-121.978	6.29899
	27	21	0.977808	0.000913249	-62.4601	1.16319
	27	22	1.04314	0.000743137	-75.2407	0.904042
	27	23	0.951043	0.000577246	-60.9259	0.713501
	27	24	0.99963	0.00113669	-75.048	1.44458
	27	25	0.975653	0.00343961	-103.385	4.54382
	27	26	0.969696	0.00386138	-87.1447	5.09408
	27	27	0.998344	0.00316629	-108.475	4.19339
	27	28	0.982921	0.00620577	-74.7448	8.20968
	27	29	0.989589	0.00232944	-75.9719	3.07675
	27	30	0.962078	0.00111463	-45.0339	1.38572
	27	31	0	0	0	0
	28	0	0	0	0	0
	28	1	1.08505	0.0439804	-127.115	57.6756
	28	2	1.02895	0.00160255	-111.04	1.48482
	28	3	1.08161	0.00137847	-111.812	1.65153
	28	4	1.01986	0.000986933	-92.0085	1.02167
	28	5	0	0	0	0
	28	6	1.1367	0.010118	-124.389	13.5502
	28	7	0	0	0	0
	28	8	1.02018	0.000793445	-77.2967	0.89897
	28	9	1.03515	0.00102821	-71.2928	1.27966
	28	10	1.02574	0.0027404	-97.5452	3.64082
	28	11	1.03673	0.00329527	-91.6339	4.50534
	28	12	1.02162	0.00485033	-103.38	6.36486
	28	13	1.07997	0.00758046	-125.771	9.8829
	28	14	1.068	0.00071484	-94.3213	0.891319
	28	15	1.06676	0.00430324	-119.047	5.6713
	28	16	0.99691	0.00980328	-112.732	12.2782
	28	17	0.9732	0.00088121	-66.7522	1.05553
	28	18	0.956529	0.000621391	-62.857	0.790699
	28	19	1.0422	0.0241602	-159.293	29.5224
	28	20	0.976254	0.00224102	-82.2549	2.40102
	28	21	0.970961	0.000630651	-65.4785	0.760251
	28	22	1.03919	0.00158774	-84.2131	2.19686
	28	23	0.957628	0.00234609	-79.5583	3.07225
	28	24	0	0	0	0
	28	25	0.966852	0.00209624	-105.41	2.83837
	28	26	0.950326	0.00159101	-73.3761	2.22099
	28	27	0.991439	0.0118599	-112.501	15.5567
	28	28	0.9631	0.00147792	-61.4588	1.90551
	28	29	0.9726	0.0066466	-65.2223	8.83043
	28	30	0.992409	0.00645743	-94.8166	8.53703
	28	31	1.11111	0	-239.111	0
	29	0	0	0	0	0
	29	1	0	0	0	0
	29	2	1.00191	0.00118479	-87.0945	1.36881
	29	3	0	0	0	0
	29	4	1.01307	0.00243058	-90.1182	3.34103
	29	5	1.02624	0.00122862	-71.7283	1.3166
	29	6	0	0	0	0
	29	7	0	0	0	0
	29	8	1.05432	0.0190306	-137.281	25.7582
	29	9	1.01766	0.00108724	-58.9374	1.34093
	29	10	0.997723	0.000681789	-71.0521	0.838098
	29	11	1.09434	0	-152.132	0
	29	12	0.982162	0.00105786	-63.9805	1.34249
	29	13	1.01084	0.00138672	-50.2443	1.79789
	29	14	1.04138	0.00102914	-70.9388	1.26226
	29	15	1.01586	0.000836287	-64.5135	1.0436
	29	16	0.951504	0.0111534	-65.9154	14.2151
	29	17	0.949528	0.000544905	-46.2562	0.617095
	29	18	0.948604	0.011849	-61.5296	15.7734
	29	19	0.964063	0.00131856	-72.9239	1.72383
	29	20	0	0	0	0
	29	21	0.955536	0.00122059	-55.1967	1.64785
	29	22	1.0106	0.00146273	-58.3381	1.47769
	29	23	0.943351	0.00979212	-72.5476	13.3318
	29	24	0	0	0	0
	29	25	0.940144	0.00104089	-78.0519	1.40715
	29	26	0.942761	0.00481476	-73.1972	6.55655
	29	27	1.05263	0	-195.947	0
	29	28	0	0	0	0
	29	29	0	0	0	0
	29	30	0.932179	0.00124363	-26.8786	1.57664
	29	31	0	0	0	0
	30	0	0	0	0	0
	30	1	1.10649	0.0029578	-95.1529	3.55494
	30	2	1.06423	0	-97.5051	0
	30	3	0	0	0	0
	30	4	0	0	0	0
	30	5	0	0	0	0
	30	6	1.13764	0.00333918	-71.2405	3.78284
	30	7	0	0	0	0
	30	8	1.04378	0.00140542	-56.8992	1.76305
	30	9	0	0	0	0
	30	10	0	0	0	0
	30	11	0	0	0	0
	30	12	1.02989	0.000844667	-64.2774	1.06631
	30	13	1.05952	0.000859209	-49.9221	0.955251
	30	14	1.09302	0.00136007	-72.8405	1.5715
	30	15	1.06217	0.00140987	-63.1742	1.50994
	30	16	0.979801	0.000915801	-49.1447	1.33338
	30	17	1.00013	0.000538964	-51.755	0.76419
	30	18	0.979064	0.00140798	-43.009	1.92454
	30	19	0.995989	0.0102132	-54.7788	12.9381
	30	20	1.00594	0.00108261	-66.3487	1.34552
	30	21	0	0	0	0
	30	22	1.06732	0.00113333	-65.4008	1.22389
	30	23	0.983426	0.000480761	-62.2267	0.599019
	30	24	1.02915	0.00892942	-74.0645	11.5303
	30	25	0	0	0	0
	30	26	0	0	0	0
	30	27	1.01487	0.00745884	-92.9858	9.53497
	30	28	1.01818	0	-77.7273	0
	30	29	0	0	0	0
	30	30	1.03035	0.0124089	-96.0572	16.158
	30	31	0	0	0	0
	31	0	0	0	0	0
	31	1	1.11111	0	-137.778	0
	31	2	0	0	0	0
	31	3	0	0	0	0
	31	4	0	0	0	0
	31	5	1.06235	0.00213025	-88.496	2.36363
	31	6	0	0	0	0
	31	7	0	0	0	0
	31	8	0	0	0	0
	31	9	0	0	0	0
	31	10	0	0	0	0
	31	11	0	0	0	0
	31	12	0	0	0	0
	31	13	1.1298	0.00582511	-176.947	7.42796
	31	14	0	0	0	0
	31	15	0	0	0	0
	31	16	0.963503	0.000792118	-58.2202	0.853339
	31	17	0	0	0	0
	31	18	0	0	0	0
	31	19	1.03461	0.00947364	-138.074	13.1267
	31	20	0.99114	0.00222732	-78.7225	2.8513
	31	21	0	0	0	0
	31	22	0	0	0	0
	31	23	0.996346	0.00754408	-108.139	10.4213
	31	24	1.04878	0	-154.488	0
	31	25	0	0	0	0
	31	26	0	0	0	0
	31	27	0	0	0	0
	31	28	0.987093	0.00588467	-72.6719	7.97124
	31	29	0	0	0	0
	31	30	0	0	0	0
	31	31	0.988496	0.0101048	-63.042	13.3723
