	1	1	1.04974	77.0693	0.0451682	62.4059
	1	4	0	0	0	0
	1	5	0.958647	9.50152	0.0279674	35.6426
	1	6	0.99258	52.6072	0.0385326	44.1995
	1	7	0	0	0	0
	1	8	0	0	0	0
	1	9	0.960135	17.8833	0.0311214	31.9392
	1	10	0	0	0	0
	1	11	0	0	0	0
	1	12	0	0	0	0
	1	13	0	0	0	0
	1	14	0.915745	78.8396	0.00560348	7.02386
	1	15	0	0	0	0
	1	16	0.807642	92.0145	0.025296	27.551
	1	17	0.890229	12.6157	0.00830102	10.4788
	1	18	0	0	0	0
	1	19	0	0	0	0
	1	20	0.889689	22.922	0.025723	27.2864
	1	21	0.866732	65.2763	0.0210715	27.7882
	1	22	0	0	0	0
	1	23	0	0	0	0
	1	24	0.960936	6.18962	0.032042	39.2394
	1	25	0.84097	47.182	0.0272702	35.8267
	1	26	0	0	0	0
	1	27	0	0	0	0
	1	28	0	0	0	0
	1	29	0.863858	42.0333	0.0212471	23.6372
	1	30	0.851687	89.214	0.0288154	38.9734
	1	31	1.1009	-242.446	0.0271158	43.518
	2	3	1.05631	-144.663	0.0240743	34.7393
	2	5	0.963127	-49.7823	0.015735	22.3112
	2	6	1.02797	-55.8919	0.00144275	1.58907
	2	7	1.13589	-182.316	0.0278449	42.115
	2	8	0.936843	-35.7004	0.00199416	2.49839
	2	9	0.954653	-33.4306	0.00134923	1.73267
	2	10	0.935281	-43.0236	0.00169703	2.1837
	2	11	0.950267	-42.9275	0.00134192	1.55783
	2	12	0.92688	-44.3833	0.00136494	1.48849
	2	13	0.950657	-26.1714	0.00127443	1.54368
	2	14	0.981835	-52.1339	0.00112333	1.71385
	2	15	0.954317	-40.0759	0.0017988	2.40001
	2	16	0.873304	-18.506	0.0010698	1.38627
	2	17	0.899253	-31.133	0.00374317	4.80993
	2	18	0.881826	-26.331	0.000937592	1.19214
	2	19	0.903547	-47.25	0.000496765	0.707845
	2	20	0.898915	-40.2114	0.00226155	2.50491
	2	21	0.890848	-24.9885	0.00153927	2.07465
	2	22	0.951399	-34.3272	0.00179613	2.17352
	2	23	1.02295	-213.909	0.0325392	50.1382
	2	24	0.909434	-32.4453	0.00224484	2.92715
	2	25	0.882882	-54.4268	0.00116432	1.59486
	2	26	0.957773	-131.857	0.0168257	24.2289
	2	27	0.944975	-114.563	0.0186147	27.8416
	2	28	0.887525	-23.744	0.0025613	3.5601
	2	29	0.901099	-34.7201	0.00171648	2.3681
	2	30	0.992921	-132.228	0.0214691	31.714
	2	31	1.09313	-319.467	0.0250862	33.802
	3	4	0.996285	-110.013	0.0184476	23.9818
	3	5	0.978478	-50.3307	0.00203026	2.24692
	3	6	1.04504	-60.1285	0.00180463	2.05519
	3	7	1.01744	-44.1905	0.00143805	1.77118
	3	8	0.952673	-41.6852	0.00137494	1.87338
	3	9	0.973705	-42.081	0.00177761	2.23912
	3	10	0	0	0	0
	3	11	0.969247	-52.8127	0.00123074	1.55767
	3	12	0.94567	-53.5391	0.00164306	2.16586
	3	13	0.968719	-32.5935	0.00105669	1.29859
	3	14	1.00227	-60.2776	0.00092062	1.24548
	3	15	0.977781	-54.0276	0.00126583	1.60075
	3	16	0.893093	-28.8595	0.00115232	1.35871
	3	17	0.915195	-38.4117	0.000934391	1.23308
	3	18	0.899567	-35.9084	0.00108225	1.25141
	3	19	0.92232	-56.7545	0.00120805	1.5687
	3	20	0.918634	-49.1282	0.00152568	1.80927
	3	21	0.939229	-72.4451	0.00828555	11.3797
	3	22	0.977608	-50.107	0.00147399	1.74363
	3	23	0.891339	-40.0764	0.00185519	2.22966
	3	24	0.935846	-51.6427	0.00208152	2.99199
	3	25	1.04511	-247.528	0.0289265	41.435
	3	26	0.887682	-37.1267	0.00379428	5.2592
	3	27	0.948027	-104.221	0.0102481	13.9822
	3	28	0.900537	-26.2277	0.00139174	1.90137
	3	29	0.915213	-38.1029	0.00224301	3.05882
	3	30	0.894302	-12.9841	0.00158484	2.1028
	3	31	0.903633	-22.6173	0.00314316	3.5168
	4	3	0.998063	-80.0318	0.00199008	2.63303
	4	4	0.950454	-74.7345	0.00263406	3.73197
	4	5	0.964661	-57.826	0.00211782	2.78934
	4	6	1.17886	-279.683	0.00519682	7.61585
	4	7	1.0175	-71.275	0.002676	3.64671
	4	8	0.93825	-45.1634	0.00117626	1.60374
	4	9	0.95795	-45.6113	0.00141038	1.30385
	4	10	0.942896	-61.5326	0.00205673	2.86404
	4	11	0.953829	-55.7275	0.000794181	1.12703
	4	12	0.928392	-55.4708	0.00105863	1.47868
	4	13	0.952759	-38.4993	0.000818975	1.02406
	4	14	0.984693	-63.8615	0.00128053	1.21785
	4	15	0.961243	-57.0653	0.00109157	1.44188
	4	16	0.877323	-32.5664	0.000938598	1.20561
	4	17	0.898454	-39.3182	0.000764736	0.952343
	4	18	0.881548	-38.0398	0.00548546	3.23275
	4	19	0.908097	-61.5225	0.000909428	1.18212
	4	20	0.994928	-176.732	0.00327884	4.31247
	4	21	0.897071	-38.3152	0.000846317	0.799985
	4	22	0.960427	-54.9471	0.00115158	1.46013
	4	23	0.91453	-94.8292	0.00893198	12.2919
	4	24	0.913562	-46.725	0.00128658	1.65012
	4	25	0.892724	-76.167	0.00574284	8.0807
	4	26	0.971519	-177.506	0.00173138	2.35984
	4	27	0.99357	-194.581	0.00193523	2.69469
	4	28	0.924166	-83.3569	0.00198865	2.764
	4	29	0.939352	-97.0546	0.00227151	3.20059
	4	30	0.884594	-24.813	0.00121887	1.58513
	4	31	0	0	0	0
	5	0	0	0	0	0
	5	2	1.06142	-147.425	0.0240969	33.347
	5	3	1.04939	-78.2699	0.00134332	1.59325
	5	4	0.991009	-60.6607	0.00155567	2.09256
	5	5	1.0733	-134.084	0.0024497	3.16553
	5	6	1.08438	-64.965	0.00159187	1.86035
	5	7	1.05672	-50.2602	0.00136326	1.67488
	5	8	0.991885	-49.9114	0.00106107	1.3275
	5	9	1.01001	-46.0246	0.00143638	1.85338
	5	10	0.996141	-65.6823	0.00416058	5.56369
	5	11	1.01895	-63.3937	0.00692169	3.52051
	5	12	0.975129	-50.087	0.0011932	1.43007
	5	13	1.00288	-35.8339	0.000956375	1.22075
	5	14	1.04362	-70.8054	0.00415697	5.49169
	5	15	1.0107	-54.1791	0.000744811	0.928818
	5	16	0.93035	-40.0456	0.00396405	5.13642
	5	17	0.946636	-37.8839	0.00123735	0.884391
	5	18	0.931255	-36.7936	0.00116264	1.83764
	5	19	0.96579	-72.6225	0.00187689	2.40008
	5	20	0.948733	-50.8605	0.00105951	1.25519
	5	21	0.945442	-37.4887	0.00215386	1.81508
	5	22	1.00782	-49.7778	0.000888274	1.06209
	5	23	0.919364	-39.7804	0.00615995	3.14009
	5	24	0.962278	-44.061	0.00102558	1.33324
	5	25	0.930376	-62.6815	0.00108597	1.35435
	5	26	0.920823	-41.6306	0.00121266	1.47213
	5	27	0.951784	-65.881	0.0010726	1.36994
	5	28	0.947947	-48.884	0.00408861	5.53866
	5	29	0.955663	-50.7087	0.00373089	5.02983
	5	30	0.93044	-20.8775	0.00144178	1.94541
	5	31	0.942821	-28.5826	0.00139057	1.75681
	6	0	0.884565	-45.7513	0.00223866	2.97183
	6	1	0.933835	-51.521	0.0036071	5.16153
	6	2	0.994395	-161.989	0.023872	34.1246
	6	3	0.93838	-49.0133	0.00119242	1.60281
	6	4	0.890617	-38.6323	0.00134348	1.73614
	6	5	1.01826	-185.51	0.00353073	5.2427
	6	6	1.01048	-97.5822	0.00209051	3.23001
	6	7	0.94078	-15.9177	0.000954866	1.33038
	6	8	0.883403	-18.3386	0.00125219	1.5941
	6	9	0.909323	-28.1559	0.00449152	6.52065
	6	10	0.894564	-44.4778	0.00345399	5.05593
	6	11	0.899756	-30.6695	0.00189603	2.76761
	6	12	0.871578	-25.9791	0.00135037	1.54424
	6	13	0.895043	-6.0866	0.00100933	1.43954
	6	14	0.927863	-34.9067	0.00130451	1.23983
	6	15	0.899769	-20.3637	0.00103519	1.08297
	6	16	0.823729	-3.82331	0.000871461	1.22025
	6	17	0.850821	-19.7183	0.0021961	3.12228
	6	18	0.831729	-10.0023	0.0011406	1.46178
	6	19	0.852152	-30.5957	0.00103531	1.27082
	6	20	0.848614	-22.4232	0.000986778	1.03898
	6	21	0.965663	-185.773	0.00300189	4.39726
	6	22	0.90369	-25.5093	0.00225748	3.27785
	6	23	0.826278	-18.2595	0.00129844	1.84777
	6	24	0.860095	-19.7972	0.00109615	1.5604
	6	25	0.831996	-37.2662	0.00103062	1.14487
	6	26	0.821804	-13.3472	0.00261797	3.86333
	6	27	0.847333	-36.0524	0.000864679	1.23466
	6	28	0.878854	-69.5034	0.00221655	3.25999
	6	29	0.846437	-12.163	0.00151391	2.22234
	6	30	0.831449	3.87333	0.00183142	2.61341
	6	31	0.886904	-67.7591	0.00473762	7.21623
	7	0	1.04331	-257.97	0.0321995	55.7148
	7	1	0.959727	-101.407	0.00570021	8.51061
	7	2	0.922411	-109.392	0.00680633	10.2958
	7	3	1.07357	-262.204	0.00363634	5.65179
	7	4	0.906932	-73.9575	0.00206012	3.06214
	7	5	0.933801	-78.4251	0.00204639	2.98814
	7	6	0.979972	-65.1574	0.000942953	1.35016
	7	7	0.954045	-47.5108	0.00116639	1.71694
	7	8	0.895859	-47.156	0.000746999	1.04934
	7	9	0.911891	-42.9227	0.000864972	1.12866
	7	10	0.902601	-67.0792	0.00189657	2.78614
	7	11	0.908722	-55.2653	0.00149634	1.28313
	7	12	0.886351	-57.4362	0.000927937	1.35992
	7	13	0.909317	-37.7734	0.00106862	1.01133
	7	14	0.941961	-65.1454	0.000622154	0.913272
	7	15	0.913672	-53.0685	0.000764473	0.73584
	7	16	0.842533	-40.9382	0.00161814	2.31962
	7	17	0.859439	-39.9092	0.00173233	1.19909
	7	18	0.846252	-43.4331	0.00291485	4.09209
	7	19	0.862675	-56.6605	0.000863946	0.734745
	7	20	0.862343	-51.9039	0.00169268	1.19175
	7	21	0.854189	-36.9946	0.00162864	1.14595
	7	22	0.91637	-55.3122	0.000979432	1.37069
	7	23	0.847127	-59.0162	0.00286663	4.11149
	7	24	0.870245	-44.4982	0.000729929	1.05025
	7	25	0.856542	-83.9502	0.00234096	3.46446
	7	26	0.843105	-54.7234	0.00225266	3.31524
	7	27	0.860748	-66.0427	0.00105756	1.52659
	7	28	0.85084	-38.4381	0.00502223	7.43056
	7	29	0.860251	-43.5458	0.00116275	1.66281
	7	30	0.850579	-34.3988	0.00156096	2.30728
	7	31	0.856288	-32.8624	0.00135432	1.94516
	8	0	0.939904	-78.2864	0.00176051	2.14633
	8	1	1.1017	-217.312	0.0270754	38.7945
	8	2	0.990766	-148.27	0.00271693	3.67775
	8	3	1.00075	-92.421	0.00268016	3.77225
	8	4	0.955922	-88.2685	0.00518567	7.39427
	8	5	0.976791	-81.855	0.00528945	7.49066
	8	6	1.04562	-96.4024	0.00445966	6.26554
	8	7	1.00516	-61.1994	0.00191626	2.68858
	8	8	0.936212	-49.2594	0.000707806	0.877128
	8	9	0.95064	-42.9901	0.000703069	0.966121
	8	10	0.937946	-61.604	0.00255886	3.59739
	8	11	0.952211	-60.4849	0.00179518	2.50738
	8	12	0.920631	-51.8853	0.000746125	1.28889
	8	13	0.949029	-38.29	0.00192731	2.68423
	8	14	0.980272	-65.9753	0.00218405	1.44807
	8	15	0.955983	-55.7688	0.000865098	0.733775
	8	16	0.878779	-40.5061	0.00102271	1.38076
	8	17	0.895986	-41.714	0.00126705	1.12061
	8	18	0.881698	-39.3296	0.000677549	0.737833
	8	19	0.902436	-60.0261	0.000599144	0.781208
	8	20	0.899072	-54.0634	0.000905241	0.81709
	8	21	0.892013	-38.3336	0.000583337	0.650857
	8	22	0.956955	-55.7368	0.00176897	1.5802
	8	23	0.873748	-44.8516	0.00264057	1.75745
	8	24	0.910086	-47.0544	0.00126498	1.25832
	8	25	0.887809	-75.6583	0.00266638	3.70863
	8	26	0.870312	-40.8483	0.00156188	1.24145
	8	27	0.902373	-71.8251	0.00121698	1.69687
	8	28	0.908822	-68.633	0.0040248	5.7668
	8	29	0.904245	-52.4507	0.0015353	2.15668
	8	30	0.888041	-35.6789	0.0050687	7.17749
	8	31	0.915042	-63.3954	0.00616337	8.81388
	9	0	0	0	0	0
	9	1	0.962412	-64.5956	0.00265495	3.74033
	9	2	0.919159	-63.2343	0.00106694	1.40804
	9	3	0.988515	-91.6539	0.00489136	6.84462
	9	4	0.92231	-56.9153	0.000863006	1.16166
	9	5	0.943698	-49.1044	0.00094812	1.14691
	9	6	1.04841	-117.62	0.00382105	5.50571
	9	7	0.988881	-54.8596	0.00267389	3.81209
	9	8	0.920781	-42.4551	0.00109815	1.66917
	9	9	0.939621	-40.1857	0.0058953	3.02539
	9	10	0.920207	-51.5478	0.00053901	0.739643
	9	11	0.932249	-48.217	0.000645179	0.761955
	9	12	0.90772	-48.3526	0.00119361	0.992414
	9	13	0.932116	-30.6538	0.000954103	0.712375
	9	14	0.966455	-59.0346	0.00119023	0.944115
	9	15	0.940057	-49.604	0.000560548	0.759242
	9	16	0.85871	-26.0287	0.000538144	0.664156
	9	17	0.880505	-33.6474	0.000512244	0.610168
	9	18	0.865202	-30.5538	0.000609919	0.747546
	9	19	0.892262	-60.0886	0.000796185	1.07779
	9	20	0.883758	-44.0903	0.00110254	0.824287
	9	21	0.877421	-31.089	0.000834893	0.886199
	9	22	0.942075	-51.2296	0.00206686	2.84206
	9	23	0.857833	-35.7032	0.0006539	0.570001
	9	24	0.892467	-39.2831	0.00126645	0.993139
	9	25	0.867273	-59.3255	0.00128503	0.914334
	9	26	0.852767	-32.2732	0.00173434	1.41324
	9	27	0.882881	-59.8716	0.00123728	1.14187
	9	28	0.883896	-47.5475	0.00322428	4.64234
	9	29	0.897777	-58.3674	0.00332447	4.78343
	9	30	0.883067	-42.8227	0.00366258	5.28694
	9	31	0	0	0	0
	10	0	0.960086	-88.4474	0.00249793	3.42129
	10	1	1.07832	-186.845	0.00218372	2.98208
	10	2	0.956418	-79.7715	0.00131939	1.81765
	10	3	1.05282	-144.116	0.00191318	2.69669
	10	4	0.971555	-89.8412	0.00282211	3.97309
	10	5	0.994666	-86.7271	0.00336579	4.71833
	10	6	1.04473	-74.8641	0.00953184	4.74596
	10	7	1.02674	-70.0696	0.00202843	2.80649
	10	8	0.951963	-53.7128	0.00107379	0.883238
	10	9	0.983733	-68.2075	0.00146245	2.02113
	10	10	0.953811	-65.2222	0.000886737	0.841679
	10	11	0.969132	-64.006	0.000840482	0.894824
	10	12	0.941641	-60.2919	0.000956189	0.703434
	10	13	0.971068	-49.1632	0.000736381	0.97937
	10	14	1.00342	-76.2552	0.000717922	0.673636
	10	15	0.973945	-61.0587	0.000432875	0.498163
	10	16	0.895083	-45.0455	0.000910069	1.19069
	10	17	0.919391	-55.4892	0.000778651	1.01656
	10	18	0.897303	-44.3746	0.000885388	0.646317
	10	19	0.919814	-65.5551	0.000792303	0.594108
	10	20	0.918255	-61.0426	0.00072967	0.697464
	10	21	0.90961	-43.7272	0.000778767	0.564317
	10	22	0.973348	-58.5897	0.00115236	0.714978
	10	23	0.890255	-49.6687	0.000820277	0.708349
	10	24	0.928695	-52.6179	0.00140606	1.11223
	10	25	0.89925	-73.3533	0.000827143	1.10732
	10	26	0.88637	-46.2432	0.00200276	1.38883
	10	27	0.91663	-73.4427	0.000757391	1.02764
	10	28	0.901931	-40.003	0.00085427	1.16863
	10	29	0.91376	-50.8018	0.00483457	2.71009
	10	30	0.905055	-40.2258	0.00365809	5.0975
	10	31	0	0	0	0
	11	0	0	0	0	0
	11	1	1.01502	-84.1993	0.00127512	1.64217
	11	2	0.976469	-92.2152	0.00406724	5.54677
	11	3	1.04285	-113.399	0.0029939	4.14651
	11	4	0.975852	-80.5456	0.00138642	1.8708
	11	5	1.00612	-86.5152	0.00227064	3.14768
	11	6	1.05462	-74.6364	0.00197215	1.37344
	11	7	1.02803	-56.2621	0.000726255	0.970925
	11	8	0.972194	-64.2766	0.00167262	2.29208
	11	9	0.986753	-56.7525	0.00101287	1.36968
	11	10	0.973406	-75.8425	0.00113856	1.54016
	11	11	0.980462	-63.5365	0.00137923	0.787695
	11	12	0.952076	-61.0315	0.000422915	0.550579
	11	13	0.978904	-45.2355	0.000769181	0.64478
	11	14	1.01517	-75.0767	0.000774747	0.770431
	11	15	0.986256	-61.8112	0.00065195	0.516007
	11	16	0.903203	-40.2542	0.000707513	0.544671
	11	17	0.923173	-46.1597	0.000875501	0.619528
	11	18	0.909462	-45.8074	0.000911023	0.747775
	11	19	0.932172	-67.6502	0.00036387	0.465327
	11	20	0.927598	-59.6445	0.0010662	0.828996
	11	21	0.920159	-43.5539	0.000543692	0.528436
	11	22	0.985015	-58.2377	0.00128741	0.948457
	11	23	0.900966	-49.6863	0.000688172	0.602236
	11	24	0.937223	-52.1879	0.000955767	0.668011
	11	25	0.921615	-89.51	0.00168456	2.25047
	11	26	0.894132	-43.6578	0.0062877	3.17088
	11	27	0.927589	-74.1048	0.000864133	1.15193
	11	28	0.921219	-52.0274	0.00195608	2.68422
	11	29	0.934611	-61.623	0.00287689	3.97777
	11	30	0.910824	-33.1838	0.00110283	1.47035
	11	31	1.11084	-170.086	0.023813	34.9398
	12	0	0	0	0	0
	12	1	0.967581	-94.1766	0.00115594	1.63423
	12	2	0.970152	-159.689	0.00268144	3.88231
	12	3	0.977582	-100.71	0.00133037	1.91045
	12	4	0.931109	-91.6485	0.0018875	2.74535
	12	5	0.949279	-83.0817	0.0022784	3.31903
	12	6	1.00511	-82.4471	0.00119249	1.08981
	12	7	0.977588	-63.1763	0.00427512	2.29699
	12	8	0.920394	-63.6628	0.00121694	1.23203
	12	9	0.943196	-70.8242	0.00098815	1.41896
	12	10	0.924005	-80.3537	0.000988226	1.39991
	12	11	0.934173	-73.077	0.000629056	0.685193
	12	12	0.9074	-69.1828	0.000673698	0.609503
	12	13	0.932353	-54.6109	0.000459907	0.536541
	12	14	0.964372	-81.6293	0.000468778	0.602558
	12	15	0.938451	-69.7104	0.000937597	0.754757
	12	16	0.857326	-46.0628	0.000432244	0.486933
	12	17	0.87871	-53.613	0.000465728	0.392186
	12	18	0.864276	-51.4712	0.000544082	0.502602
	12	19	0.886913	-73.8284	0.000464488	0.397842
	12	20	0.882294	-66.864	0.000501673	0.520145
	12	21	0.877476	-53.2494	0.00074333	0.694134
	12	22	0.935881	-66.2962	0.000795289	0.68714
	12	23	0.858968	-56.6432	0.000982023	0.749065
	12	24	0.891482	-59.5342	0.00175916	1.04952
	12	25	0.863369	-77.6006	0.00113008	0.907211
	12	26	0.858512	-60.9925	0.00123453	1.75548
	12	27	0.885866	-82.3749	0.000704376	0.759305
	12	28	0.867534	-45.9927	0.00191165	1.52621
	12	29	0.881904	-58.1014	0.000912647	1.29633
	12	30	0.887756	-71.8456	0.00204734	2.98178
	12	31	0	0	0	0
	13	0	0.94624	-84.6401	0.00384704	5.48627
	13	1	0.988058	-79.2082	0.00344337	4.82395
	13	2	0.93564	-66.7129	0.00264799	3.62886
	13	3	0.99104	-73.8734	0.00210493	2.95959
	13	4	0.936517	-53.3299	0.00352221	1.72343
	13	5	0.953418	-44.3686	0.000768962	1.08337
	13	6	1.01685	-51.8549	0.000679782	0.933026
	13	7	1.00029	-49.0891	0.00196817	2.75618
	13	8	0.928262	-32.7171	0.00129538	1.15853
	13	9	0.943608	-27.5914	0.00143343	0.924728
	13	10	0.935699	-53.87	0.00106134	1.4424
	13	11	0.942745	-41.749	0.000799731	0.686656
	13	12	0.917078	-40.6138	0.000704832	0.584681
	13	13	0.94541	-28.6806	0.000546943	0.721143
	13	14	0.975083	-52.1939	0.000894731	0.734806
	13	15	0.945572	-37.8402	0.000753794	0.621303
	13	16	0.867647	-20.5634	0.00056643	0.566315
	13	17	0.887681	-25.2841	0.000481312	0.470879
	13	18	0.871815	-22.9722	0.000648917	0.60396
	13	19	0.895415	-45.3779	0.000645325	0.475961
	13	20	0.891188	-38.4491	0.000587071	0.604159
	13	21	0.885278	-24.5596	0.000330865	0.432151
	13	22	0.949725	-40.5426	0.00155562	1.57495
	13	23	0.869417	-34.958	0.000702249	0.923544
	13	24	0.903337	-32.2095	0.000827053	0.732937
	13	25	0	0	0	0
	13	26	0.865806	-31.4636	0.00178242	2.43824
	13	27	0.888491	-50.5584	0.00159848	1.25278
	13	28	0.881693	-25.8784	0.00212061	2.9741
	13	29	0.908929	-54.5949	0.00265758	3.72596
	13	30	0.875078	-12.1168	0.00102638	1.40139
	13	31	1.00377	-103.692	0.0236921	34.5394
	14	0	0.955641	-106.374	0.0031403	4.46516
	14	1	1.01177	-120.398	0.00532157	7.39702
	14	2	0.963585	-112.378	0.0022159	3.1044
	14	3	1.01474	-115.008	0.00284375	4.03816
	14	4	0.954863	-90.0846	0.00241763	3.43456
	14	5	0.964412	-67.4575	0.000781201	1.08822
	14	6	1.03251	-82.1017	0.000886156	1.23035
	14	7	1.00286	-61.3883	0.00230258	2.55843
	14	8	0.945316	-64.6996	0.0010019	1.39855
	14	9	0.961115	-59.8286	0.00115532	1.60181
	14	10	0.93801	-64.6526	0.000398362	0.534378
	14	11	0.952027	-63.2893	0.000849292	0.602614
	14	12	0.924601	-60.6189	0.000594403	0.500435
	14	13	0.950904	-43.9388	0.000619861	0.532499
	14	14	0.985148	-73.78	0.000743263	0.59911
	14	15	0.957709	-60.9873	0.000716638	0.562164
	14	16	0.875908	-38.4134	0.000520934	0.424692
	14	17	0.89765	-46.2089	0.000392258	0.397582
	14	18	0.883864	-45.1245	0.000588667	0.453356
	14	19	0.909781	-72.5384	0.000567182	0.748493
	14	20	0.902984	-62.6802	0.000682617	0.735646
	14	21	0.898672	-47.4048	0.000706698	0.501894
	14	22	0.96358	-68.5424	0.000715086	0.943855
	14	23	0.88034	-57.1006	0.000744372	0.987427
	14	24	0.911144	-52.1561	0.0012689	0.948267
	14	25	0.887027	-73.5608	0.0017256	1.11169
	14	26	0.883338	-51.8796	0.00688486	3.76195
	14	27	0.910397	-86.5012	0.00238092	3.31033
	14	28	0.884949	-37.133	0.00125627	1.04756
	14	29	0.913168	-68.1584	0.00271655	3.84108
	14	30	0.898389	-52.248	0.0028869	4.07653
	14	31	0	0	0	0
	15	0	0.898085	-59.7274	0.00138641	1.91763
	15	1	0.948287	-69.5086	0.00200241	2.84559
	15	2	0.903413	-63.7657	0.00120375	1.71069
	15	3	0.971728	-93.7376	0.00254618	3.7201
	15	4	0.914036	-68.4326	0.00246333	3.59484
	15	5	0.926688	-47.7615	0.00107235	1.03019
	15	6	0.999814	-76.1111	0.00159663	2.31387
	15	7	0.955654	-33.725	0.0020775	1.31905
	15	8	0.899234	-36.1088	0.000985316	0.831867
	15	9	0.927126	-48.7922	0.0011471	1.62925
	15	10	0.902741	-49.0228	0.000819402	0.604666
	15	11	0.914578	-45.7369	0.000624132	0.644889
	15	12	0.890814	-47.5318	0.00109399	1.05639
	15	13	0.914417	-27.755	0.000761497	0.580729
	15	14	0.94547	-55.3825	0.000614674	0.514403
	15	15	0.917989	-42.6984	0.000477064	0.485409
	15	16	0.841653	-22.7266	0.000513251	0.458981
	15	17	0.861531	-30.1199	0.000848624	1.29155
	15	18	0.847592	-28.9658	0.000504687	0.503939
	15	19	0.87039	-51.432	0.000581319	0.683542
	15	20	0.863376	-41.4011	0.000586885	0.446015
	15	21	0.859535	-28.105	0.000462119	0.399189
	15	22	0.916445	-39.7511	0.000777188	0.602947
	15	23	0.844229	-39.8162	0.000589258	0.803331
	15	24	0.872533	-33.5504	0.000845172	0.736698
	15	25	0.858032	-70.6211	0.000969811	1.34534
	15	26	0.837961	-30.4511	0.00168348	1.09613
	15	27	0.86275	-54.6079	0.00113314	1.0147
	15	28	0.85548	-24.3842	0.00120557	0.919089
	15	29	0.865736	-35.5357	0.00073749	1.03998
	15	30	0.870517	-47.9269	0.00207072	2.98581
	15	31	0	0	0	0
	16	0	0	0	0	0
	16	1	1.11254	-167.095	0.00957134	11.9784
	16	2	1.03684	-130.868	0.00317774	4.20383
	16	3	1.07322	-107.965	0.00102752	1.34145
	16	4	1.01603	-91.7102	0.00088222	1.15042
	16	5	1.06135	-116.18	0.00212149	2.82377
	16	6	1.10159	-94.2356	0.00648662	3.26385
	16	7	1.07824	-77.2173	0.00143098	1.13834
	16	8	1.01169	-73.7333	0.00177594	1.04945
	16	9	1.03841	-82.9116	0.00122524	1.59624
	16	10	1.01922	-94.5345	0.000746146	0.945877
	16	11	1.02937	-88.131	0.00153939	1.52559
	16	12	1.00113	-84.9053	0.000517418	0.646016
	16	13	1.02494	-64.2109	0.000767235	0.514379
	16	14	1.06386	-95.84	0.000665172	0.553072
	16	15	1.03169	-81.069	0.00103855	0.622815
	16	16	0.945114	-57.4392	0.000742051	0.558336
	16	17	0.965743	-63.5475	0.000524708	0.450021
	16	18	0.951427	-62.3302	0.000508862	0.398441
	16	19	0.976726	-85.0276	0.000598994	0.487983
	16	20	0.975682	-84.567	0.000575112	0.715366
	16	21	0.966158	-64.7464	0.00068336	0.491925
	16	22	1.03884	-88.8225	0.000823085	1.02511
	16	23	0.953341	-80.8543	0.000857112	1.07095
	16	24	0.979333	-69.7794	0.00285922	1.40246
	16	25	1.07603	-158.261	0.0154888	16.2123
	16	26	0.952301	-81.152	0.00156873	2.02524
	16	27	0.969214	-89.3162	0.000714159	0.913021
	16	28	0.972038	-79.2721	0.00171394	2.25886
	16	29	0.983525	-85.7689	0.00370006	4.91528
	16	30	0.952082	-49.2066	0.000870781	1.1723
	16	31	0.963983	-54.9329	0.00104714	1.32274
	17	0	0	0	0	0
	17	1	1.07476	-89.1167	0.00129146	1.57453
	17	2	1.05104	-118.561	0.00428883	5.56836
	17	3	1.08969	-93.7905	0.00240264	1.5751
	17	4	1.02595	-75.5524	0.0045632	2.3371
	17	5	1.05834	-82.1492	0.00264395	3.45055
	17	6	1.14445	-111.534	0.00238715	3.10374
	17	7	1.08742	-58.8603	0.000694691	0.881368
	17	8	1.02393	-57.5386	0.00598986	2.7182
	17	9	1.05021	-60.4327	0.00513919	2.41778
	17	10	1.03102	-80.3088	0.000757292	0.943066
	17	11	1.0361	-66.7832	0.00090547	0.576407
	17	12	1.00816	-64.1866	0.00114141	0.737038
	17	13	1.03563	-47.2736	0.000461362	0.453601
	17	14	1.07211	-76.2879	0.000727115	0.509589
	17	15	1.04138	-63.0927	0.000604302	0.48025
	17	16	0.953364	-41.4174	0.000527197	0.401266
	17	17	0.976402	-47.8588	0.000548579	0.453854
	17	18	0.960299	-46.5767	0.000534346	0.399663
	17	19	0.985364	-69.7135	0.000301531	0.364223
	17	20	0.981941	-62.1747	0.000671385	0.40591
	17	21	0.974512	-47.2117	0.00063693	0.484658
	17	22	1.03798	-59.3216	0.000945892	0.678458
	17	23	0.960553	-62.7904	0.000804615	0.982768
	17	24	1.0067	-73.9443	0.00100413	1.23492
	17	25	0.961068	-75.0845	0.000458354	0.556558
	17	26	0.945637	-46.5928	0.0035279	1.6997
	17	27	0.967381	-68.1446	0.00333454	1.89586
	17	28	0.965236	-41.8555	0.00770539	3.8799
	17	29	0.989031	-64.487	0.00306889	3.99507
	17	30	0.962752	-35.7892	0.00337386	4.40579
	17	31	1.01871	-71.3718	0.0142511	10.5685
	18	0	0.85918	-64.442	0.00706863	10.2883
	18	1	0.930099	-108.793	0.00474084	7.06228
	18	2	0.886863	-102.926	0.00348193	5.27356
	18	3	0.925384	-91.5899	0.000964062	1.43525
	18	4	0.876265	-73.5011	0.00128466	1.41487
	18	5	0.897253	-67.3125	0.0013352	1.13246
	18	6	0.95271	-75.2495	0.00107509	1.11028
	18	7	0.925675	-55.7368	0.00135838	1.13974
	18	8	0.872417	-56.1649	0.000550232	0.681808
	18	9	0.886135	-51.2917	0.00104758	0.917999
	18	10	0.871885	-64.834	0.000877632	0.799214
	18	11	0.885362	-65.7241	0.000687632	0.697857
	18	12	0.85806	-60.8551	0.000846238	0.692436
	18	13	0.88274	-45.8805	0.000612813	0.543252
	18	14	0.915005	-75.5127	0.000261648	0.369915
	18	15	0.889451	-63.3337	0.00046528	0.514942
	18	16	0.811789	-38.4118	0.000455153	0.456313
	18	17	0.832324	-46.0833	0.00043917	0.572636
	18	18	0.818362	-43.9716	0.000334094	0.393599
	18	19	0.840007	-67.3028	0.000252071	0.356736
	18	20	0.833739	-58.0354	0.00037891	0.3965
	18	21	0.830399	-44.4321	0.000453812	0.509902
	18	22	0.885589	-57.0037	0.00081527	0.664378
	18	23	0.811935	-48.6169	0.000729465	0.657749
	18	24	0.854198	-65.8984	0.000860677	1.24762
	18	25	0.830696	-89.5845	0.00101143	1.47417
	18	26	0.80594	-44.7022	0.00155247	1.11417
	18	27	0.835914	-72.1272	0.00130461	1.02983
	18	28	0.836309	-61.0381	0.00204809	3.12085
	18	29	0.833166	-47.3895	0.00168061	2.05294
	18	30	0.826465	-42.0475	0.00268903	4.09525
	18	31	0.845144	-60.9587	0.00173241	2.64519
	19	0	1.18182	-164.881	0.0198036	29.6486
	19	1	1.08094	-88.1183	0.00141491	1.71005
	19	2	1.05775	-118.872	0.00436878	5.66852
	19	3	1.08776	-91.6819	0.00394789	2.07281
	19	4	1.02378	-73.8144	0.00552777	2.65678
	19	5	1.07159	-90.1664	0.00241326	3.1391
	19	6	1.15365	-114.228	0.00152913	1.96196
	19	7	1.10024	-62.6219	0.00478774	2.34988
	19	8	1.04648	-82.0645	0.00131983	1.69192
	19	9	1.04227	-54.3637	0.00784719	3.38731
	19	10	1.03028	-71.6017	0.00154609	0.870389
	19	11	1.04726	-70.8936	0.000695765	0.574219
	19	12	1.01561	-67.3137	0.000838466	0.670808
	19	13	1.04685	-54.4195	0.000853175	0.667828
	19	14	1.08222	-80.5059	0.00090767	0.620441
	19	15	1.05237	-67.9884	0.000581785	0.442648
	19	16	0.963011	-44.9327	0.000699062	0.435739
	19	17	0.984505	-51.503	0.000659553	0.531688
	19	18	0.967393	-49.2983	0.000670376	0.508745
	19	19	0.993439	-71.8507	0.000689843	0.648234
	19	20	0.988754	-65.0089	0.000845648	0.604414
	19	21	0.980904	-49.3925	0.00062537	0.491034
	19	22	1.04566	-62.4947	0.00448368	2.16066
	19	23	0.968899	-65.8705	0.000914857	1.1167
	19	24	1.01067	-71.4301	0.00117596	1.44148
	19	25	0.984336	-96.3054	0.00151504	1.88692
	19	26	0.957922	-53.5121	0.00130084	0.899476
	19	27	0.986443	-78.5071	0.00709063	3.55258
	19	28	0.966585	-41.763	0.00793334	3.92533
	19	29	1.00125	-72.1994	0.00307389	4.00641
	19	30	0.975844	-44.2434	0.00378999	4.92965
	19	31	0.98454	-46.4757	0.00314224	4.03302
	20	0	0	0	0	0
	20	1	1.0546	-92.3224	0.00161915	2.04924
	20	2	1.01423	-99.4604	0.00340288	4.52616
	20	3	1.08608	-125.68	0.00457314	6.12051
	20	4	1.00377	-77.6413	0.00680012	3.51726
	20	5	1.03392	-79.3465	0.00135612	1.78111
	20	6	1.09158	-79.7227	0.00682788	3.80445
	20	7	1.06373	-60.2851	0.0028071	1.73409
	20	8	1.00776	-66.6368	0.002665	1.67271
	20	9	1.0193	-59.3765	0.00453792	2.46329
	20	10	1.01684	-90.6586	0.00100587	1.30482
	20	11	1.02152	-73.874	0.000532468	0.462978
	20	12	0.991696	-70.9831	0.00082776	0.65271
	20	13	1.01935	-54.5012	0.00112041	0.695772
	20	14	1.0565	-85.1944	0.00075036	0.574882
	20	15	1.02532	-71.8358	0.000720025	0.489842
	20	16	0.936645	-46.6669	0.000483514	0.515526
	20	17	0.965131	-58.7165	0.00147422	1.09916
	20	18	0.944738	-52.4553	0.000639166	0.57453
	20	19	0.973482	-80.7792	0.00127657	1.84194
	20	20	0.969586	-75.7006	0.000763208	0.951965
	20	21	0.960406	-55.1451	0.00111102	0.662324
	20	22	1.02367	-68.2759	0.00296464	1.53634
	20	23	0.936621	-57.3074	0.00197167	1.11001
	20	24	0.975413	-61.2705	0.00198702	1.40713
	20	25	0.94557	-79.6907	0.00119959	0.770022
	20	26	0.933723	-56.0875	0.000573781	0.72899
	20	27	0.972115	-85.562	0.0041283	2.15265
	20	28	0.946302	-46.1342	0.00153966	1.02724
	20	29	0.966073	-62.1037	0.00124187	1.64151
	20	30	0.942925	-35.954	0.000825991	1.07658
	20	31	0	0	0	0
	21	0	1.03355	-87.2808	0.00227338	2.73614
	21	1	1.08624	-90.536	0.00131515	1.61575
	21	2	1.03765	-89.0825	0.0010409	1.25267
	21	3	1.09602	-93.4471	0.000958399	1.17559
	21	4	1.05063	-94.3932	0.00313883	4.08117
	21	5	1.06316	-74.7741	0.0008546	1.0795
	21	6	1.13321	-83.3305	0.00108676	1.37471
	21	7	1.10501	-68.3504	0.00166143	2.13942
	21	8	1.04728	-78.9569	0.00168108	2.16015
	21	9	1.05365	-60.4358	0.000935879	0.7789
	21	10	1.04309	-77.4399	0.00178808	1.15293
	21	11	1.05367	-76.0675	0.0024068	1.74489
	21	12	1.02636	-76.2216	0.000988895	1.23444
	21	13	1.0498	-53.513	0.000408091	0.49646
	21	14	1.08556	-80.9506	0.00109613	0.851239
	21	15	1.05698	-69.672	0.00185044	1.02512
	21	16	0.965232	-46.1319	0.000341687	0.410103
	21	17	0.98908	-52.6756	0.000630798	0.493397
	21	18	0.972665	-51.607	0.000740025	0.635254
	21	19	0.99573	-72.3296	0.000895505	0.614675
	21	20	0.999171	-74.6233	0.000883118	1.07905
	21	21	0.993957	-61.0141	0.00108734	1.32387
	21	22	1.05441	-65.5029	0.00206479	1.11939
	21	23	0.963038	-55.759	0.00117772	0.879837
	21	24	1.01925	-78.1377	0.00167512	2.08271
	21	25	0.995257	-106.364	0.00192634	2.44253
	21	26	0.977656	-74.5764	0.00151714	1.93549
	21	27	0.982412	-74.7138	0.011926	5.45077
	21	28	0.993143	-66.6617	0.00294591	3.77931
	21	29	0.997051	-62.7414	0.00125133	1.59544
	21	30	0.991628	-60.9118	0.00321571	4.1952
	21	31	0	0	0	0
	22	0	0	0	0	0
	22	1	1.07065	-91.3569	0.00182946	2.18069
	22	2	1.01973	-86.0738	0.0011912	1.41465
	22	3	1.08074	-95.5853	0.00112961	1.40736
	22	4	1.0241	-80.4291	0.000877273	1.11274
	22	5	1.03456	-65.5962	0.00495063	2.53364
	22	6	1.12206	-90.6259	0.00170438	2.20741
	22	7	1.08496	-61.7735	0.00113697	0.831442
	22	8	1.0219	-66.1714	0.00194956	2.54299
	22	9	1.03858	-60.5177	0.0016901	2.19273
	22	10	1.02945	-85.7601	0.00167247	2.15728
	22	11	1.03278	-69.5953	0.00162254	1.20303
	22	12	1.00803	-72.0723	0.00143684	1.8454
	22	13	1.03266	-51.4293	0.00108363	0.754008
	22	14	1.06906	-80.0701	0.000890077	0.792101
	22	15	1.04015	-69.2314	0.00394101	2.45122
	22	16	0.957437	-54.1472	0.00111673	1.39203
	22	17	0.972281	-50.2203	0.000883444	0.668843
	22	18	0.963852	-58.7188	0.000877288	1.08781
	22	19	0.981837	-71.4897	0.000721628	0.621503
	22	20	0.973858	-62.0322	0.00107749	0.694635
	22	21	0.969883	-47.9921	0.00120246	0.848066
	22	22	1.03257	-61.3185	0.00608411	2.96148
	22	23	0.959116	-67.85	0.00150652	1.90187
	22	24	0.998495	-70.6221	0.00198464	2.52041
	22	25	0.968029	-90.4454	0.0023061	2.97941
	22	26	0.945806	-52.3457	0.000915543	1.1713
	22	27	0.969868	-73.6927	0.0145453	6.97046
	22	28	0.973289	-60.5178	0.00311227	4.112
	22	29	0.962125	-47.9206	0.00785789	3.79942
	22	30	0.978857	-63.4401	0.00376763	4.97159
	22	31	0	0	0	0
	23	0	0	0	0	0
	23	1	1.08968	-124.105	0.0115154	14.859
	23	2	1.04348	-124.875	0.0054895	7.27007
	23	3	1.07178	-91.1217	0.00110252	1.3633
	23	4	1.02459	-88.3285	0.00385079	5.10881
	23	5	1.03429	-66.4343	0.0014648	1.36242
	23	6	1.10584	-77.6502	0.00102799	1.2747
	23	7	1.07569	-59.3654	0.000910167	1.18482
	23	8	1.00983	-57.8917	0.000987082	1.2872
	23	9	1.01467	-49.522	0.00570245	2.70867
	23	10	0.9919	-59.406	0.0111349	4.71882
	23	11	1.02459	-66.252	0.000999233	0.785026
	23	12	0.996042	-63.5185	0.000553485	0.603898
	23	13	1.02563	-49.2353	0.000897404	0.76956
	23	14	1.05597	-74.8314	0.00629996	3.31958
	23	15	1.02967	-63.3082	0.00100855	0.788587
	23	16	0.94195	-41.1296	0.000623715	0.527954
	23	17	0.966527	-48.8184	0.00106141	0.966712
	23	18	0.949763	-46.9943	0.00106006	0.872875
	23	19	0.975674	-70.3113	0.00192446	1.32906
	23	20	0.968288	-60.0598	0.000924672	0.654159
	23	21	0.968135	-54.0709	0.00167504	2.13327
	23	22	1.02987	-62.5159	0.000639685	0.798253
	23	23	0.9484	-61.0985	0.0020712	2.65702
	23	24	0.986757	-62.9243	0.00178036	2.2991
	23	25	0.960898	-88.5193	0.00207042	2.68729
	23	26	0.93836	-49.2671	0.00108074	1.39738
	23	27	0.966768	-74.6609	0.00655617	2.84234
	23	28	0.950985	-40.8314	0.00756181	3.97047
	23	29	0.972292	-53.4031	0.00257572	1.72335
	23	30	0.991393	-87.959	0.00251376	3.32579
	23	31	0	0	0	0
	24	0	1.14278	-251.497	0.0232839	32.7273
	24	1	1.2473	-222.797	0.0276837	38.2421
	24	2	0	0	0	0
	24	3	1.08047	-118.689	0.00173243	2.02793
	24	4	1.04321	-130.259	0.00273346	3.46134
	24	5	1.11836	-191.297	0.00413883	5.69207
	24	6	1.18361	-193.797	0.00254225	3.23462
	24	7	0	0	0	0
	24	8	1.01644	-83.0565	0.00152441	1.93338
	24	9	1.053	-107.525	0.00170176	2.19646
	24	10	1.01485	-95.3888	0.00397019	2.77895
	24	11	1.03379	-92.3974	0.00333212	2.31008
	24	12	1.00426	-91.6729	0.00129723	1.67134
	24	13	1.02173	-64.1173	0.0023815	2.81261
	24	14	1.06512	-100.812	0.0022052	2.33333
	24	15	1.02927	-85.0768	0.00138471	1.57423
	24	16	0.951709	-70.1055	0.0027051	2.19667
	24	17	0.977926	-83.4467	0.00145359	1.79005
	24	18	0.982581	-107.46	0.00342206	4.42489
	24	19	0.97984	-92.8257	0.00398542	2.94119
	24	20	0.985943	-100.739	0.00284932	3.66075
	24	21	0.966735	-72.5953	0.00194705	2.35403
	24	22	1.04046	-91.8288	0.00356276	2.55674
	24	23	0.951783	-84.0639	0.00137275	1.72626
	24	24	0.981922	-74.9927	0.00132693	1.66631
	24	25	0.983872	-134.824	0.00279264	3.64649
	24	26	0.943734	-72.08	0.00155676	1.98265
	24	27	0.947175	-61.3268	0.00542491	7.32445
	24	28	0.992725	-107.328	0.0067623	9.21648
	24	29	1.01616	-130.736	0.0039322	5.33816
	24	30	1.02988	-155.171	0.00353613	4.7627
	24	31	0	0	0	0
	25	0	0	0	0	0
	25	1	1.05565	-86.3023	0.00246327	2.84805
	25	2	1.04646	-137.142	0.0143247	19.4607
	25	3	1.06692	-93.5617	0.0033688	4.14242
	25	4	1.02472	-97.7527	0.00644121	8.62693
	25	5	1.0292	-68.4811	0.00207492	2.70895
	25	6	1.10089	-80.229	0.00168385	2.12887
	25	7	1.06089	-54.5554	0.00800379	4.13684
	25	8	0.999007	-52.8313	0.000900513	1.17335
	25	9	1.02793	-63.1915	0.00504852	6.61464
	25	10	1.00937	-76.1649	0.00280993	3.70847
	25	11	1.01676	-64.2625	0.000816247	0.909789
	25	12	0.98579	-60.373	0.00138971	1.68025
	25	13	1.01428	-44.1126	0.00140938	1.22995
	25	14	1.03583	-68.7114	0.0184429	7.60357
	25	15	1.02262	-63.627	0.00107813	0.901643
	25	16	0.936437	-40.6776	0.00178964	1.21078
	25	17	0.96054	-51.4635	0.000974038	1.25669
	25	18	0.951426	-58.2774	0.00254313	3.31387
	25	19	0.966347	-67.03	0.00102445	1.3358
	25	20	0.959206	-57.774	0.00106323	1.10118
	25	21	0.971234	-66.6811	0.00320399	4.15596
	25	22	1.02333	-62.8978	0.00289209	3.7456
	25	23	0.93434	-51.3142	0.000791987	0.631585
	25	24	0.997571	-85.7596	0.00445584	5.82343
	25	25	0.955134	-89.4594	0.0027063	3.59989
	25	26	0.931632	-48.7377	0.000902427	1.18054
	25	27	0.961569	-73.5111	0.000851178	1.0907
	25	28	0.956434	-54.5543	0.00478071	6.39193
	25	29	0.958718	-47.5371	0.00106073	1.3804
	25	30	0.962451	-58.0065	0.00550543	7.33797
	25	31	0.969708	-57.8789	0.00620532	8.31676
	26	0	1.15324	-209.629	0.0338962	44.5029
	26	1	1.15525	-174.938	0.00339517	4.26343
	26	2	1.0364	-79.1286	0.00195989	2.36597
	26	3	1.10033	-89.1929	0.00241714	2.60175
	26	4	1.03997	-71.4265	0.0013837	1.69936
	26	5	1.21956	-264.135	0.00345994	4.61386
	26	6	1.17084	-122.86	0.00739667	9.56758
	26	7	1.11563	-72.4179	0.00666049	8.55974
	26	8	1.03616	-55.1857	0.000842575	1.11075
	26	9	1.05532	-50.8593	0.000654504	0.550248
	26	10	1.03491	-64.5362	0.00107438	1.3273
	26	11	1.05533	-65.3953	0.00240865	1.97702
	26	12	1.01368	-56.2112	0.00470284	2.24557
	26	13	1.04873	-44.6627	0.00168879	1.21184
	26	14	1.08345	-72.3763	0.00224326	1.55972
	26	15	1.05674	-61.3319	0.00147582	1.07711
	26	16	0.97266	-47.0302	0.00238739	3.04036
	26	17	0.994049	-47.6076	0.00210768	1.24171
	26	18	0.972891	-43.5244	0.000896956	1.09562
	26	19	0.99762	-63.5718	0.00237455	1.44027
	26	20	0.994652	-60.2499	0.000742002	0.957574
	26	21	0.98918	-45.1268	0.00102989	0.935193
	26	22	1.05583	-58.8975	0.00103017	1.20972
	26	23	0.965937	-49.2725	0.000863429	1.07569
	26	24	1.00692	-53.1452	0.00110684	1.36371
	26	25	0.973724	-70.5867	0.00185275	1.35446
	26	26	0.960054	-43.7955	0.00130667	1.60823
	26	27	0.995366	-73.1849	0.000956483	1.18564
	26	28	0.978749	-39.6024	0.00157539	1.97517
	26	29	1.03027	-96.7893	0.00699798	9.01577
	26	30	0.972074	-27.8471	0.00178249	2.22912
	26	31	0.985542	-34.7708	0.00158501	1.98973
	27	2	1.30546	-467.949	0.0145542	24.823
	27	3	1.08576	-105.976	0.0018172	2.30504
	27	4	1.02961	-90.1846	0.00137856	1.54406
	27	5	1.10313	-152.412	0.0020622	2.74523
	27	6	1.17038	-154.782	0.0109179	14.1551
	27	7	1.0918	-74.6437	0.001096	1.35736
	27	8	1.02665	-74.5887	0.00108573	1.3631
	27	9	1.04282	-68.7133	0.0010348	1.26881
	27	10	1.02334	-80.0329	0.00107187	1.33295
	27	11	1.03873	-81.8568	0.00146289	1.34685
	27	12	1.00823	-76.3804	0.00100721	0.923937
	27	13	1.04842	-75.3273	0.00413825	5.39729
	27	14	1.07593	-92.3537	0.00229719	1.64386
	27	15	1.04408	-77.624	0.000726272	0.882937
	27	16	0.943402	-39.2036	0.00510125	6.63676
	27	17	0.980194	-61.7244	0.00201149	1.36462
	27	18	0.962728	-60.4391	0.000933452	1.17883
	27	19	0.986487	-80.447	0.00182772	1.19254
	27	20	0.991852	-87.9803	0.0053215	6.94368
	27	21	0.975188	-59.1169	0.00286701	2.018
	27	22	1.04116	-73.0784	0.00116981	1.2987
	27	23	0.95111	-59.6676	0.00204247	1.63326
	27	24	0.994194	-68.6739	0.00716683	3.61831
	27	25	0.964618	-89.059	0.00111781	1.45086
	27	26	0.95291	-64.0877	0.00122223	1.54885
	27	27	0.980315	-85.7446	0.00104389	1.32604
	27	28	0.959624	-51.2918	0.00607286	3.153
	27	29	0.983068	-66.2391	0.0014762	1.93047
	27	30	0.962085	-44.6086	0.00147542	1.8481
	27	31	0	0	0	0
	28	3	1.08397	-114.239	0.00397395	4.71016
	28	4	1.02293	-93.5472	0.001443	1.77452
	28	5	1.17606	-233.604	0.025919	38.039
	28	6	1.1141	-98.4331	0.00186878	2.38377
	28	7	1.17681	-177.17	0.0188674	25.051
	28	8	1.01844	-76.1939	0.00124951	1.46269
	28	9	1.03487	-70.6475	0.00105499	1.308
	28	10	1.01853	-86.2177	0.00138146	1.76175
	28	11	1.03355	-85.0121	0.000787384	1.07459
	28	12	1.02302	-107.241	0.00306543	4.14763
	28	13	1.05036	-90.3607	0.00252738	3.37633
	28	14	1.06884	-94.9433	0.000988185	1.25348
	28	15	1.03831	-83.0236	0.00121094	1.51469
	28	16	0.956277	-65.7365	0.00151719	1.92635
	28	17	0.978537	-68.4796	0.00203296	1.67469
	28	18	0.956055	-62.4036	0.0015779	1.55141
	28	19	1.00413	-114.388	0.00725496	9.47948
	28	20	0.975913	-77.9007	0.00108923	1.25977
	28	21	0.968389	-63.352	0.0013952	1.23989
	28	22	1.03697	-78.538	0.00118634	1.52934
	28	23	0.936341	-62.7626	0.00554436	2.96835
	28	24	1.1147	-215.33	0.0216218	28.0259
	28	25	0.959241	-93.2487	0.000974978	1.2033
	28	26	0.946445	-64.8918	0.00126558	1.05067
	28	27	0.978142	-93.2447	0.00132965	1.62515
	28	28	0.962648	-59.3379	0.00138488	1.76959
	28	29	0.976459	-69.0388	0.00127632	1.64249
	28	30	0.961383	-54.1222	0.00343547	4.5502
	28	31	0.986548	-78.0131	0.00970935	12.8102
	29	3	1.12911	-156.63	0.0246939	31.1459
	29	4	1.00161	-75.7599	0.00170373	2.19162
	29	5	1.02182	-68.193	0.00185348	2.05989
	29	6	1.0956	-84.0284	0.00242047	3.03356
	29	7	1.06284	-59.7213	0.00475899	6.29662
	29	8	1.10968	-213.315	0.00430587	6.10065
	29	9	1.01678	-57.6589	0.00131131	1.62415
	29	10	1.00044	-74.0694	0.00126984	1.57231
	29	11	1.03783	-101.336	0.012548	16.4113
	29	12	0.9804	-61.7418	0.000775249	1.05375
	29	13	1.00986	-47.7393	0.00122899	1.69958
	29	14	1.04524	-75.578	0.0010911	1.28813
	29	15	1.01542	-62.9905	0.000956942	1.21182
	29	16	0.930518	-42.0313	0.00128637	1.6484
	29	17	0.951152	-47.6017	0.00159173	1.32435
	29	18	0.934608	-45.6299	0.00120866	1.51536
	29	19	0.961043	-68.656	0.00149134	1.89136
	29	20	0.982163	-95.9468	0.0125381	16.1033
	29	21	0.950166	-47.2028	0.001306	1.63094
	29	22	1.01252	-58.3049	0.0012784	1.49024
	29	23	0.929454	-53.0893	0.00144971	1.80679
	29	24	0.984871	-78.1204	0.00610166	8.17259
	29	25	0.939625	-76.0605	0.00160543	2.22958
	29	26	0.927748	-51.0872	0.00139523	1.78226
	29	27	0.962381	-83.4486	0.00788285	10.5349
	29	28	0.947345	-49.2371	0.00274237	3.71138
	29	29	0.991994	-100.509	0.00994987	13.2755
	29	30	0.933549	-27.656	0.00121861	1.52256
	29	31	0	0	0	0
	30	3	1.14419	-133.814	0.0209056	27.4397
	30	5	1.12975	-129.616	0.0163751	21.0211
	30	6	1.13688	-70.1821	0.00520133	5.0433
	30	7	1.20292	-140.431	0.0313881	40.6915
	30	8	1.04246	-55.2113	0.00086232	1.06618
	30	9	1.17282	-165.181	0.0305118	41.6505
	30	10	1.04502	-67.9503	0.00170572	1.99118
	30	11	1.189	-202.808	0.0269871	35.1728
	30	12	1.02983	-63.5761	0.00112501	1.4004
	30	13	1.06157	-50.9004	0.00112555	1.37977
	30	14	1.09649	-76.4921	0.00151195	1.70226
	30	15	1.06914	-68.3457	0.00153012	1.81082
	30	16	0.977563	-44.2288	0.000982244	1.32279
	30	17	0.999535	-50.346	0.000678025	0.955875
	30	18	0.977896	-42.1864	0.00162966	2.13856
	30	19	1.00833	-69.0124	0.00177756	2.13132
	30	20	1.00349	-63.0077	0.00102487	1.21418
	30	21	0.998919	-49.184	0.00150306	1.73218
	30	22	1.06593	-63.6673	0.00136031	1.42807
	30	23	0.973643	-51.5128	0.00168023	2.07215
	30	24	1.01655	-57.4428	0.00141756	1.51398
	30	25	0	0	0	0
	30	26	1.06473	-156.524	0.031833	46.6094
	30	27	1.00913	-83.6134	0.00278798	3.43637
	30	28	1.03613	-107.125	0.00702809	9.23313
	30	29	1.10627	-160.031	0.0287175	38.6007
	30	30	1.0157	-75.7082	0.00381514	5.03232
	30	31	0	0	0	0
	31	0	1.09738	-270.436	0.0447873	36.6048
	31	3	0	0	0	0
	31	6	0	0	0	0
	31	7	0	0	0	0
	31	8	1.13242	-182.952	0.0394232	52.6592
	31	9	1.05061	-71.3522	0.0052439	5.72047
	31	10	0	0	0	0
	31	11	1.05433	-93.592	0.00894633	12.6277
	31	12	0	0	0	0
	31	13	1.12565	-170.079	0.0152721	20.0104
	31	14	0	0	0	0
	31	15	0	0	0	0
	31	16	0.963162	-57.3917	0.00164386	1.92376
	31	17	0	0	0	0
	31	18	0	0	0	0
	31	19	1.03713	-139.498	0.00498071	6.44919
	31	20	0.984891	-71.6057	0.00197178	2.34701
	31	21	1.04626	-132.024	0.0177324	23.7043
	31	22	1.11526	-143.306	0.0233975	29.1866
	31	23	0.964875	-68.7364	0.00226865	2.74027
	31	24	0.997398	-68.6097	0.00295054	2.84379
	31	25	0	0	0	0
	31	26	1.01616	-120.214	0.0179016	22.4071
	31	27	0.977208	-75.0091	0.0060139	7.75624
	31	28	0.997978	-86.5537	0.00628785	8.51258
	31	29	0	0	0	0
	31	30	1.06383	-142.421	0.0271493	34.8604
	31	31	0.990862	-66.6583	0.00443948	5.37143
