7                   17                  3.99711             1344.3              10.7921             
7                   18                  4.8325              1341.23             12.6508             
7                   19                  7.49202             1344.19             9.2609              
7                   20                  8.65263             1342.18             9.6847              
7                   21                  7.41423             1342.34             10.403              
7                   22                  5.44183             1340.19             10.0611             

8                   16                  3.12221             1344.77             9.78462             
8                   17                  11.6233             1345.52             9.4765              
8                   18                  18.6292             1344.75             9.32748             
8                   19                  28.5501             1342.94             8.92342             
8                   20                  21.7259             1343.7              9.97894             
8                   21                  24.9313             1342.84             8.76341             
8                   22                  26.9378             1342.66             8.2922              
8                   23                  19.6999             1343.68             7.99979             
8                   24                  14.5201             1341.68             8.28129             
8                   25                  5.33428             1342.33             8.29088             
8                   26                  2.14305             1343.42             8.5109              

9                   16                  8.96925             1348.14             7.81177             
9                   17                  45.0379             1345.36             9.51328             
9                   18                  69.4524             1344.22             9.27096             
9                   19                  75.3753             1343.11             9.85418             
9                   20                  78.202              1343.27             9.89283             
9                   21                  80.2601             1342.35             9.26277             
9                   22                  66.9819             1343.49             8.83679             
9                   23                  43.0617             1342.72             9.2884              
9                   24                  32.5867             1344.85             9.39095             
9                   25                  19.6351             1344.43             9.03789             
9                   26                  8.7904              1344.24             8.49934             

10                  16                  27.9103             1348.56             9.95543             
10                  17                  111.941             1345.44             10.1914             
10                  18                  170.54              1344.02             9.95357             
10                  19                  205.463             1344.4              9.63627             
10                  20                  186.256             1343.55             9.87326             
10                  21                  173.588             1343.56             9.74267             
10                  22                  136.497             1343.05             10.0202             
10                  23                  113.597             1342.31             9.12668             
10                  24                  63.1725             1341.67             10.0089             
10                  25                  48.2528             1343.45             8.41388             
10                  26                  32.3103             1345.03             7.15932             
10                  27                  9.70315             1350.31             2.49608             

11                  16                  66.4658             1346.44             10.3815             
11                  17                  234.4               1345.81             9.56601             
11                  18                  332.708             1344.48             9.17258             
11                  19                  349.197             1344.36             9.56485             
11                  20                  345.298             1344.71             9.40003             
11                  21                  332.351             1344.55             9.24177             
11                  22                  277.044             1344.43             9.4355              
11                  23                  211.545             1343.14             9.91767             
11                  24                  151.851             1342.65             9.6743              
11                  25                  85.0796             1342.48             9.4197              
11                  26                  56.1601             1344.09             7.7898              
11                  27                  18.3878             1343.68             8.66658             

12                  16                  94.1598             1347.18             10.09               
12                  17                  352.097             1345.7              9.04663             
12                  18                  444.675             1344.56             9.02026             
12                  19                  494.881             1344.91             8.93475             
12                  20                  474.693             1345.47             9.01625             
12                  21                  465.811             1345.46             9.02478             
12                  22                  405.227             1344.93             9.38029             
12                  23                  340.182             1344.24             9.4993              
12                  24                  248.187             1343.84             9.42567             
12                  25                  164.655             1343.2              9.62009             
12                  26                  90.2207             1343.36             9.6571              
12                  27                  40.865              1342.44             7.86396             
12                  28                  4.02436             1345.23             11.462              

13                  16                  141.361             1346.72             9.75705             
13                  17                  409.41              1344.57             9.34359             
13                  18                  538.663             1344.33             8.87774             
13                  19                  554.572             1345.28             8.94732             
13                  20                  550.553             1345.76             9.0558              
13                  21                  531.209             1345.76             9.25167             
13                  22                  515.361             1346.32             9.16568             
13                  23                  459.201             1344.99             9.33696             
13                  24                  370.991             1344.11             9.29075             
13                  25                  245.668             1343.67             9.5951              
13                  26                  144.999             1343.68             9.23435             
13                  27                  69.4586             1343.01             7.92194             
13                  28                  14.9532             1342.21             8.51245             

14                  15                  4.88613             1343.64             12.665              
14                  16                  148.357             1345.23             9.22924             
14                  17                  464.481             1343.71             8.99239             
14                  18                  595.293             1344.41             8.74785             
14                  19                  590.659             1345.88             9.0478              
14                  20                  611.518             1346.36             9.09584             
14                  21                  596.074             1346.81             9.11747             
14                  22                  549.444             1346.99             9.08838             
14                  23                  483.544             1346.35             9.60036             
14                  24                  423.253             1345.15             9.44741             
14                  25                  301.64              1344.31             9.55177             
14                  26                  184.11              1343.27             9.08515             
14                  27                  85.7631             1342.55             8.69763             
14                  28                  19.3498             1343.59             9.15658             

15                  16                  91.5388             1344.53             9.76706             
15                  17                  273.504             1344.22             9.41543             
15                  18                  366.855             1345.41             9.13879             
15                  19                  356.708             1347.14             9.46159             
15                  20                  366.431             1347.99             9.46969             
15                  21                  350.117             1347.86             9.51454             
15                  22                  331.306             1347.7              9.62292             
15                  23                  320.668             1346.66             9.43135             
15                  24                  258.942             1346.22             9.85309             
15                  25                  209.056             1345.61             9.63107             
15                  26                  140.014             1344.55             9.13724             
15                  27                  55.9861             1342.77             9.31543             
15                  28                  15.9895             1343.21             9.43929             

16                  17                  34.8852             1343.09             9.9518              
16                  18                  35.1398             1343.5              10.9651             
16                  19                  41.8635             1343.84             10.5361             
16                  20                  43.4461             1346.55             10.5112             
16                  21                  35.7015             1344.98             12.6969             
16                  22                  34.9905             1344.45             12.2284             
16                  23                  37.6485             1342.42             10.479              
16                  24                  30.5625             1344.83             11.6043             
16                  25                  24.9535             1342.14             12.5117             
16                  26                  12.0822             1343.1              13.0098             
16                  27                  5.50222             1338.66             10.3674             

17                  17                  3.98693             1345.26             10.4064             
17                  18                  4.60411             1344.33             7.42669             
