0	0	0.140047	-0.00013077	6.29472e-08
0	1	0.0863		-4.59945e-05	1.57881e-08
0	2	0.138293	-0.000131383	6.5034e-08
0	3	0.0787659	-3.76962e-05	1.20167e-08
0	4	0.140173	-0.000135346	6.66574e-08
0	5	0.123152	-0.000106252	4.97027e-08
0	6	0.150958	-0.000150908	9.08497e-08
1	0	0.129522	-0.000110148	5.38334e-08
1	1	0.174511	-0.000182635	1.16663e-07
1	2	0.178182	-0.000205817	1.32184e-07
1	3	0.0912815	-5.33439e-05	1.85649e-08
1	4	0.258475	-0.000442419	3.85498e-07
1	5	0.304524	-0.000533336	6.59342e-07
1	6	0.138036	-0.000125812	6.18352e-08

