10                  26                  0                   0                   0                   
11                  26                  0                   0                   0                   
12                  26                  0                   0                   0                   
13                  26                  0                   0                   0                   
12                  27                  0                   0                   0                   
12                  28                  0                   0                   0                   
13                  27                  0                   0                   0                   
13                  28                  0                   0                   0                   
14                  27                  0                   0                   0                   
14                  28                  0                   0                   0                   
15                  27                  1.51398             1556                19.7641             
15                  28                  1.29705             1582.18             0.24969             
16                  27                  1.12397             1561.28             167.281             
16                  28                  1.36666             1546.89             35.6528             
