13                  23                  1.51398             1572                19.7641             
13                  26                  7.85228             1976.43             214.644             
13                  29                  0                   0                   0                   
16                  20                  1.28543             1573.83             42.7843             
16                  23                  2.15651             1575.82             59.5844             
16                  26                  16.028              1542.73             9.79782             
16                  29                  1.63135             1504.61             104.899             
19                  20                  1.51398             1570                4.39203             
19                  23                  2.60439             1573.71             50.1874             
19                  26                  10.8851             1554.86             18.3919             
19                  29                  1.46011             1559.93             32.2003             
22                  20                  1.53105             1646.22             121.365             
22                  23                  2.34108             1551.87             37.6559             
22                  26                  5.08278             1569.35             23.5604             
22                  29                  1.50309             1566.08             35.7771             
25                  20                  2.49181             1572.58             9.92847             
25                  23                  53.0448             1141.87             160.468             
25                  26                  2.04655             1561.95             24.4161             
25                  29                  1.51398             1542                21.9601             
28                  20                  1.29705             1570.18             0.24969             
28                  23                  1.00509             1565.69             92.4142             
28                  26                  1.15047             1559.24             49.8209             
28                  29                  1.29706             1534.18             0.249691            
