16                  17                  69.7985             1110.14             7.28507             
16                  18                  82.6086             1109.66             8.09237             
16                  19                  43.0358             1108.87             8.21506             
16                  20                  16.2487             1107.75             8.77766             

17                  17                  105.331             1111.67             7.24801             
17                  18                  141.208             1106.3              7.09726             
17                  19                  70.682              1104.95             7.10143             
17                  20                  18.8485             1102.91             7.27006             

18                  17                  83.3064             1110.38             7.85806             
18                  18                  110.91              1104.62             6.88674             
18                  19                  52.4855             1100.91             7.29334             
18                  20                  13.0291             1101.08             7.72666             

19                  17                  67.3325             1107.94             7.94094             
19                  18                  73.0284             1103.45             7.25784             
19                  19                  27.9159             1099.57             7.08923             
19                  20                  8.49405             1100.08             6.47755             

20                  17                  34.9091             1102.95             8.16858             
20                  18                  39.6623             1100.74             6.76734             
20                  19                  10.5121             1100.42             8.19556             

21                  17                  15.5115             1099.02             9.10588             
21                  18                  14.2986             1099.49             7.40891             
