15                  16                  116.632             1927.2              9.72057             
15                  17                  131.347             1931.59             10.189              
15                  18                  135.99              1938.58             10.2511             
15                  19                  115.305             1945.03             10.8671             
15                  20                  103.153             1951.66             10.6059             
15                  21                  85.3196             1956.31             10.2364             
15                  22                  74.2532             1959.79             9.0547              
15                  23                  52.6726             1961.01             9.30578             
15                  24                  27.6422             1959.07             10.0145             
15                  25                  12.2246             1954.36             10.2053             

14                  16                  183.696             1929.48             9.63112             
14                  17                  191.785             1933.56             10.3773             
14                  18                  176.995             1941.17             11.0656             
14                  19                  150.686             1948.73             11.7915             
14                  20                  119.568             1955.53             13.1431             
14                  21                  110.841             1961.62             12.0146             
14                  22                  82.612              1965.57             12.2098             
14                  23                  61.1319             1966.23             12.1297             
14                  24                  33.6924             1964.72             12.2947             
14                  25                  13.6358             1959.16             11.9864             

13                  15                  15.3635             1931.65             9.51594              
13                  16                  156.896             1934.39             10.0446             
13                  17                  152.294             1939.11             11.9589             
13                  18                  139.919             1947.51             12.7176             
13                  19                  112.153             1957.14             14.4973             
13                  20                  87.726              1965.04             15.3384             
13                  21                  73.8181             1973.4              15.6962             
13                  22                  49.6883             1978.04             16.1457             
13                  23                  35.866              1978.67             16.259              
13                  24                  23.4505             1978.16             15.5564             

12                  16                  105.516             1941.72             10.7512             
12                  17                  102.659             1947.89             12.8137             
12                  18                  88.5381             1956.74             14.7846             
12                  19                  66.9583             1967.57             17.0841             
12                  20                  56.4245             1978.01             17.4618             
12                  21                  43.5682             1987.31             18.3767             
12                  22                  33.1206             1993.84             19.1139             
12                  23                  22.7398             1996.57             18.9241             
12                  24                  13.2592             1997.49             16.7813             

11                  16                  57.2422             1948.51             11.5498             
11                  17                  55.9046             1955.91             14.6689             
11                  18                  45.7446             1966.23             17.0139             
11                  19                  38.7418             1978.84             17.8913             
11                  20                  32.6116             1991.99             18.6987             
11                  21                  22.728              2003.54             18.5166             
11                  22                  17.9395             2013.61             18.8106             
11                  23                  9.44804             2017.06             19.8054             

10                  16                  23.077              1954.95             11.9152             
10                  17                  24.2821             1962.32             15.912              
10                  18                  20.4062             1973.38             17.7949             
10                  19                  20.2915             1990.9              16.8881             
10                  20                  13.747              2005.55             18.532              
10                  21                  9.11819             2016.56             19.7389             
10                  22                  10.0147             2027.72             18.3148             
10                  23                  6.46902             2033.4              15.5265             

