4                   29                  1.29705             1746.18             0.249688            
7                   20                  1.00531             1759.52             248.133             
7                   23                  1.63082             1753.93             36.145              
7                   26                  5.48512             1749.34             19.9709             
7                   29                  4.06565             1569.66             120.545             
10                  20                  484.028             1229                149.478             
10                  23                  3.53018             1746.81             22.8148             
10                  26                  15.2161             1735.04             13.0858             
10                  29                  9996.47             854.47              215.36              
13                  20                  1.28129             1633.87             236.848             
13                  23                  2.90637             1779.25             32.4896             
13                  26                  9.94378             1722.22             20.5211             
13                  29                  1.95095             1604.89             236.736             
16                  20                  0                   0                   0                   
16                  23                  1.29705             1746.18             0.249688            
16                  26                  1.00494             1744.13             212.253             
16                  29                  1.51398             1768                2.19601             
19                  20                  0                   0                   0                   
19                  23                  0                   0                   0                   
19                  26                  0                   0                   0                   
19                  29                  0                   0                   0                   
22                  20                  0                   0                   0                   
22                  23                  0                   0                   0                   
22                  26                  0                   0                   0                   
22                  29                  0                   0                   0                   
25                  20                  0                   0                   0                   
25                  23                  0                   0                   0                   
25                  26                  0                   0                   0                   
25                  29                  0                   0                   0                   
28                  20                  0                   0                   0                   
28                  23                  0                   0                   0                   
28                  26                  0                   0                   0                   
28                  29                  0                   0                   0                   
