10                  26                  20.2164             1496.31             131.746             
11                  26                  92.396              2370.29             202.395             
12                  26                  1.46144             1740.96             39.9724             
13                  26                  2.58527             1503.01             209.003             
12                  27                  1.22866             1734.82             53.8465             
12                  28                  2.31568             1686.88             68.1625             
13                  27                  4.76638             1346.83             246.29              
13                  28                  54.5132             1194.53             197.782             
14                  27                  2.22025             1760.26             26.5287             
14                  28                  2.21899             1503.73             204.827             
15                  27                  1.47879             1603.35             162.427             
15                  28                  12.2845             1357.07             182.811             
16                  27                  1.00503             1730.25             148.343             
16                  28                  0                   0                   0                   
