10                  26                  0                   0                   0                   
11                  26                  0                   0                   0                   
12                  26                  0                   0                   0                   
13                  26                  0                   0                   0                   
12                  27                  0                   0                   0                   
12                  28                  0                   0                   0                   
13                  27                  0                   0                   0                   
13                  28                  0                   0                   0                   
14                  27                  0                   0                   0                   
14                  28                  0                   0                   0                   
15                  27                  0                   0                   0                   
15                  28                  0                   0                   0                   
16                  27                  0                   0                   0                   
16                  28                  0                   0                   0                   
