3                   99.9655             16.1544             98.3673             
4                   140.731             30.6382             101.491             
5                   160.725             -1.75955            100.292             
6                   166.755             -8.99236            98.6273             
7                   180.257             20.613              99.901              
8                   321.464             1.15829             94.841              
9                   601.933             17.7416             89.1085             
10                  631.315             -29.4746            89.0326             
11                  810.332             -30.3998            87.5933             
12                  2450.81             -13.2104            69.0217             
13                  2639.29             -7.29205            60.3461             
14                  264.779             16.8278             97.8171             
15                  180.273             -2.75051            108.446             
16                  199.43              13.2367             107.267             
17                  235.686             -12.6368            105.887             
18                  259.152             -11.2415            106.564             
19                  246.53              -69.6908            113.242             
20                  258.739             7.4562              111.485             
21                  310.268             -23.0479            108.609             
22                  379.048             -9.61794            104.518             
23                  625.059             -7.17989            93.4078             
24                  333.657             -99.4617            38.2611             
25                  232.96              -192.507            45.9857             
26                  380.575             -117.414            42.6679             
27                  798.484             -160.356            38.6139             
28                  1540.13             -82.9028            35.293              
29                  4889.67             -138.871            21.7164             
30                  10000               -146.503            19.4295             
31                  10000               -171.158            21.7085             
32                  4205.47             -123.793            8.82348             
33                  180.098             -148.908            45.692              
34                  107.117             -165.654            49.6069             
35                  75.4579             -147.767            51.0275             
36                  50.7088             -105.492            53.43               
