16                  5                   23.7054             1190.58             7.98357             
16                  6                   62.4814             1192.34             7.59179             
16                  7                   98.081              1193.44             8.19186             
16                  8                   125.693             1194.55             8.42517             
16                  9                   154.13              1194.11             8.17306             
16                  10                  174.309             1195.12             8.09343             
16                  11                  190.113             1195.51             7.90077             
16                  12                  186.151             1195.83             7.9552              
16                  13                  193.787             1196.27             7.86643             
16                  14                  176.864             1195.63             7.85848             
16                  15                  165.227             1195.94             8.00257             
16                  16                  110.095             1196.72             7.64614             

17                  5                   36.8496             1190.99             7.19827             
17                  6                   84.7245             1191.92             7.6761              
17                  7                   146.913             1192.41             7.59245             
17                  8                   201.184             1193.3              7.72945             
17                  9                   224.67              1193.98             7.67315             
17                  10                  239.224             1195.03             7.89409             
17                  11                  265.272             1195.64             7.58905             
17                  12                  260.779             1195.78             7.71334             
17                  13                  267.406             1196.19             7.76733             
17                  14                  263.095             1195.66             7.61439             
17                  15                  239.068             1195.08             7.45999             
17                  16                  151.995             1195.88             7.48744             

18                  5                   28.7956             1191.02             7.41514             
18                  6                   65.4517             1191.41             7.89567             
18                  7                   116.496             1192.61             7.57326             
18                  8                   171.461             1193.83             7.67742             
18                  9                   202.898             1194.43             8.00021             
18                  10                  227.701             1195.1              7.97281             
18                  11                  236.006             1195.79             7.92102             
18                  12                  264.98              1196.26             7.65975             
18                  13                  241.62              1196.08             7.76082             
18                  14                  231.596             1195.57             7.79335             
18                  15                  210.904             1195.72             7.5907              
18                  16                  141.005             1196.3              7.32772             

19                  5                   16.8466             1192.63             8.13844             
19                  6                   42.7467             1192.21             7.5006              
19                  7                   86.2345             1193.35             7.74788             
19                  8                   131.343             1194.24             7.87087             
19                  9                   161.776             1194.85             8.42865             
19                  10                  195.655             1195.85             7.73366             
19                  11                  217.308             1196.19             7.83293             
19                  12                  218.865             1196.86             7.84186             
19                  13                  218.366             1196.57             7.68592             
19                  14                  214.842             1196.58             7.48833             
19                  15                  186.607             1197                7.46041             
19                  16                  113.563             1196.94             7.41264             

20                  5                   10.5664             1193.99             6.90863             
20                  6                   29.5296             1193.74             6.533               
20                  7                   49.4629             1193.53             7.28164             
20                  8                   80.5558             1194.46             8.23359             
20                  9                   114.243             1194.82             7.77649             
20                  10                  129.688             1195.36             8.03414             
20                  11                  148.459             1195.89             7.90801             
20                  12                  162.108             1196.73             7.72483             
20                  13                  169.037             1196.97             7.77416             
20                  14                  149.215             1197.45             7.95205             
20                  15                  133.802             1197.38             7.79841             
20                  16                  70.2055             1197.62             7.87363             

21                  6                   11.2021             1192.92             8.59577             
21                  7                   27.6008             1194.4              7.62179             
21                  8                   47.1158             1192.96             7.45165             
21                  9                   61.8759             1195.01             8.30866             
21                  10                  82.6488             1195.58             8.11372             
21                  11                  106.2               1196.01             7.99278             
21                  12                  110.176             1196.12             8.04126             
21                  13                  108.926             1196.75             8.1567              
21                  14                  104.272             1197.12             8.08271             
21                  15                  83.3908             1196.78             8.17924             
21                  16                  44.0861             1197.47             7.80105             

22                  7                   12.5705             1195.33             6.83485             
22                  8                   18.6067             1194.7              7.6767              
22                  9                   28.9777             1194.34             8.22402             
22                  10                  37.9841             1194.36             8.06581             
22                  11                  45.7412             1195.28             8.56849             
22                  12                  54.2819             1196.44             8.31889             
22                  13                  52.5196             1196.15             8.26217             
22                  14                  43.6803             1196.94             7.66086             
22                  15                  35.0569             1196.17             8.02623             
22                  16                  15.1275             1197.36             7.87395             

23                  9                   9.71535             1192.51             9.27409             
23                  10                  15.5383             1194.52             8.33779             
23                  11                  17.3003             1195.41             8.28704             
23                  12                  17.5516             1196.83             8.29939             
23                  13                  17.25               1196.32             8.25559             
23                  14                  16.4                1195.43             7.58015             
23                  15                  7.81677             1195.73             8.67144             
