15                  10                  38.9022             1400.45             7.34406             
15                  11                  143.681             1393.32             6.56016             
15                  12                  258.92              1388.16             5.95317             
15                  13                  345.842             1384.59             5.55642             
15                  14                  270.715             1382.98             5.63707             
15                  15                  96.1828             1384.2              5.73166             

16                  10                  40.5101             1403.22             7.05584             
16                  11                  133.343             1395.56             6.84206             
16                  12                  281.121             1389.87             6.16126             
16                  13                  367.228             1385.92             5.66129             
16                  14                  310.065             1383.98             5.47631             
16                  15                  90.8757             1385.4              6.48731             

17                  10                  29.899              1404.62             7.87439             
17                  11                  124.417             1396.58             7.18796             
17                  12                  241.225             1391.22             6.2974              
17                  13                  335.659             1386.84             5.57514             
17                  14                  298.957             1385.28             5.21546             
17                  15                  97.5093             1386.65             6.16908             

18                  10                  21.5774             1405.88             7.81694             
18                  11                  90.3305             1397.63             6.9142              
18                  12                  191.319             1391.39             6.31968             
18                  13                  283.88              1387.36             5.81951             
18                  14                  255.898             1385.92             5.34583             
18                  15                  82.0238             1387.2              5.75907             

19                  11                  49.0043             1397.44             6.72403             
19                  12                  137.198             1391.46             6.20675             
19                  13                  206.788             1387.91             5.8249              
19                  14                  194.083             1386.35             5.41859             
19                  15                  63.3688             1387.25             5.77575             

20                  11                  21.4855             1395.59             6.33226             
20                  12                  54.6571             1391.31             6.83737             
20                  13                  125.334             1387.02             5.62531             
20                  14                  130.916             1385.83             5.50983             
20                  15                  48.4345             1387.07             6.09041             

21                  11                  7.89695             1393.68             5.43416             
21                  12                  18.0223             1389.02             6.91311             
21                  13                  42.8906             1385.42             6.17887             
21                  14                  68.1203             1384.01             5.17364             
21                  15                  26.1512             1385.39             6.19705             

22                  13                  10.0074             1381.93             6.98721             
22                  14                  18.2315             1382.56             5.86051             
22                  15                  7.90966             1383.99             7.69474             

14                  10                  26.0164             1396.36             7.57939             
14                  11                  99.7102             1390.36             6.90627             
14                  12                  218.645             1386.07             6.19088             
14                  13                  294.372             1382.96             5.63176             
14                  14                  254.215             1381.44             5.41899             
14                  15                  87.2716             1382.88             5.72249             

13                  10                  19.4322             1392.97             6.60498             
13                  11                  65.695              1387.71             6.5179              
13                  12                  155.132             1383.4              6.02173             
13                  13                  231.23              1380.73             5.78733             
13                  14                  196.176             1379.28             5.80253             
13                  15                  63.9966             1380.24             5.9284              

12                  11                  28.5887             1383.89             6.28097             
12                  12                  75.5449             1379.79             6.66567             
12                  13                  144.971             1377.45             5.76663             
12                  14                  139.153             1377.1              5.58751             
12                  15                  49.5077             1378.5              6.06124             

11                  11                  8.49144             1378.33             7.34336             
11                  12                  27.923              1377.67             6.14814             
11                  13                  57.9575             1374.64             6.28895             
11                  14                  75.1875             1374.18             5.99751             
11                  15                  27.0319             1375.16             5.75766             

10                  12                  11.0981             1372.88             5.16197             
10                  13                  19.4979             1372.21             6.38545             
10                  14                  27.6062             1371.68             5.99794             
10                  15                  12.7672             1372.81             5.54367             
