10                  17                  12.0799             1266.89             7.8425              
10                  18                  8.44604             1267.77             8.35371             

11                  17                  35.4804             1263.23             7.74284             
11                  18                  22.1813             1264.24             8.4705              
11                  19                  8.09745             1265.87             9.34327             

12                  17                  50.6895             1261.45             8.54527             
12                  18                  52.2189             1261.08             7.91012             
12                  19                  20.9271             1263.34             8.35794             

13                  17                  72.2983             1259.5              8.62009             
13                  18                  80.9349             1259.58             8.03951             
13                  19                  37.2016             1261.2              8.07247             
13                  20                  10.0027             1266.7              9.32165             

14                  17                  88.3722             1256.76             8.23143             
14                  18                  109.309             1257.35             7.99137             
14                  19                  50.6403             1258.75             8.8111              
14                  20                  17.0392             1261.68             8.44859             

15                  17                  51.4016             1255.24             8.57365             
15                  18                  69.1397             1256.75             7.95094             
15                  19                  33.7479             1259.45             9.00851             
15                  20                  11.209              1261.01             8.88168             
