7                   10                  7.71719             1181.25             6.79274             
7                   11                  8.02302             1183.5              8.06192             
7                   12                  7.7317              1180.41             8.71774             
7                   13                  7.75496             1186.89             9.33028             
7                   14                  7.51984             1187.41             7.26585             
7                   15                  5.4732              1189.56             4.46666             

8                   7                   8.3472              1178.5              6.38917             
8                   8                   11.8443             1180.26             9.06028             
8                   9                   19.7083             1181.97             7.686               
8                   10                  31.636              1181.44             6.16142             
8                   11                  25.567              1183.98             7.29314             
8                   12                  30.9978             1185.09             8.03801             
8                   13                  28.2653             1186.3              8.15385             
8                   14                  18.6883             1187.67             9.79541             
8                   15                  20.8549             1188.91             6.65141             
8                   16                  8.44063             1191.16             6.80762             

9                   6                   10.2941             1176.75             7.11841             
9                   7                   23.7474             1177.41             7.4772              
9                   8                   32.8624             1179.1              7.93632             
9                   9                   44.0748             1181.35             7.56004             
9                   10                  59.387              1181.83             8.49295             
9                   11                  85.122              1183.61             7.68143             
9                   12                  85.5072             1185.05             8.22058             
9                   13                  85.7554             1186.67             7.92373             
9                   14                  81.1518             1188.24             8.30576             
9                   15                  54.8476             1189.49             7.67599             
9                   16                  16.9655             1190.64             8.42751             

10                  5                   11.1542             1177.43             9.27971             
10                  6                   32.8589             1176.9              7.22373             
10                  7                   52.4399             1177.45             7.136               
10                  8                   77.9425             1178.8              7.95305             
10                  9                   99.3883             1179.97             8.8941              
10                  10                  146.586             1182.53             8.21139             
10                  11                  181.738             1184.08             8.1826              
10                  12                  196.14              1185.71             7.99909             
10                  13                  199.649             1186.76             8.04612             
10                  14                  177.522             1188.31             8.18172             
10                  15                  134.492             1190.55             8.37649             
10                  16                  64.8645             1192.41             8.02015             

11                  5                   21.6848             1171.02             7.61329             
11                  6                   51.2699             1172.74             8.23444             
11                  7                   98.8026             1175.92             8.0326              
11                  8                   169.204             1178.12             8.04066             
11                  9                   214.278             1180.17             8.35428             
11                  10                  282.947             1182.6              8.00697             
11                  11                  300.964             1184.83             8.15055             
11                  12                  320.226             1186.41             7.92039             
11                  13                  320.943             1187.79             7.79318             
11                  14                  309.892             1188.62             7.9507              
11                  15                  282.215             1189.79             7.69532             
11                  16                  119.4               1193.55             8.66136             

12                  4                   10.4245             1163.92             7.02845             
12                  5                   40.8467             1167.97             8.40485             
12                  6                   87.9562             1171.01             8.15119             
12                  7                   170.618             1174.72             7.46925             
12                  8                   258.219             1177.67             7.90907             
12                  9                   303.817             1180.66             8.16644             
12                  10                  362.728             1183.22             8.34634             
12                  11                  408.646             1185.77             7.98345             
12                  12                  443.13              1187.32             7.58058             
12                  13                  431.392             1187.93             7.604               
12                  14                  427.245             1188.58             7.58979             
12                  15                  372.892             1190.79             7.84725             
12                  16                  189.625             1194.34             8.5358              

13                  4                   16.5168             1163.18             10.2582             
13                  5                   62.3717             1166.27             7.48604             
13                  6                   145.198             1169.68             7.75874             
13                  7                   244.828             1173.61             7.84912             
13                  8                   336.257             1178.48             8.23062             
13                  9                   425.059             1181.05             7.82141             
13                  10                  458.446             1183.78             7.7809              
13                  11                  501.544             1185.65             7.85897             
13                  12                  531.172             1187.2              7.63053             
13                  13                  529.467             1188.07             7.57191             
13                  14                  489.099             1188.11             7.7383              
13                  15                  434.458             1190.59             7.73064             
13                  16                  226.75              1196.13             9.04742             

14                  4                   26.2243             1164.61             7.32907             
14                  5                   86.6533             1166.87             8.381               
14                  6                   158.767             1171.06             8.56821             
14                  7                   303.455             1175.9              8.33262             
14                  8                   379.139             1180.38             8.18195             
14                  9                   459.543             1182.6              8.28713             
14                  10                  510.093             1185.18             7.8517              
14                  11                  548.228             1187.07             7.76481             
14                  12                  586.099             1188.71             7.5879              
14                  13                  549.896             1189.41             7.67591             
14                  14                  522.237             1189.81             7.8468              
14                  15                  442.253             1191.3              8.36425             
14                  16                  249.203             1198.7              8.86211             

15                  5                   54.9729             1175.75             9.93852             
15                  6                   123.337             1177.52             8.62712             
15                  7                   188.465             1180.24             9.13027             
15                  8                   265.313             1184.94             8.4371              
15                  9                   275.398             1187.03             8.35468             
15                  10                  324.845             1187.84             8.09236             
15                  11                  332.074             1190.25             8.17092             
15                  12                  348.072             1191.05             7.9547              
15                  13                  335.53              1191.32             8.08118             
15                  14                  286.124             1194.13             8.85563             
15                  15                  233.262             1197.47             9.35829             
15                  16                  147.227             1199.18             8.25012             
