4                   17                  4.6074              1106.11             9.92488             
4                   18                  4.10119             1107.03             11.8466             
4                   19                  3.04098             1110.72             14.9288             
4                   20                  4.59579             1106.65             10.6871             
4                   21                  3.73088             1104.2              13.6462             
4                   22                  4.65376             1106.62             10.8772             
4                   23                  4.17331             1108.41             11.6578             
4                   24                  5.47376             1100.19             9.19679             

5                   17                  6.39181             1104.84             11.4536             
5                   18                  6.27876             1106.58             12.9994             
5                   19                  7.62004             1104.28             9.67099             
5                   20                  4.45657             1109.89             14.5808             
5                   21                  7.40669             1104.26             13.128              
5                   22                  7.73116             1108.53             13.7286             
5                   23                  9.51508             1106.4              13.497              
5                   24                  7.52943             1110.59             14.2278             
5                   25                  9.70255             1105.69             8.90338             
5                   26                  9.09393             1106.24             9.50805             

6                   16                  5.89665             1101.93             7.55341             
6                   17                  10.7873             1105.34             11.1757             
6                   18                  12.9791             1106.83             10.5471             
6                   19                  8.91806             1110.37             15.2098             
6                   20                  12.9279             1110.53             9.97634             
6                   21                  8.93338             1109.31             10.1684             
6                   22                  12.3904             1108.24             12.7507             
6                   23                  13.7456             1111.04             7.83071             
6                   24                  12.1262             1109.55             12.7691             
6                   25                  13.5485             1108.35             10.6136             
6                   26                  9.9605              1106.85             11.8167             

7                   16                  7.11937             1107.06             17.0439             
7                   17                  15.7076             1105.65             11.1658             
7                   18                  14.0566             1107.19             11.6299             
7                   19                  12.4704             1110.56             11.207              
7                   20                  9.49606             1106.73             15.1882             
7                   21                  14.0486             1106.04             11.5071             
7                   22                  13.6739             1108                12.3344             
7                   23                  19.0829             1108.28             12.729              
7                   24                  19.6937             1108.17             11.487              
7                   25                  20.7916             1107.64             12.2432             
7                   26                  14.2542             1107.38             13.2272             
7                   27                  9.83036             1105.48             13.9646             
7                   28                  10.894              1108.33             12.1173             
7                   29                  4.82894             1110.2              15.1697             

8                   16                  5.4427              1107.59             16.2991             
8                   17                  23.258              1106.64             9.35176             
8                   18                  11.6558             1105.3              14.2238             
8                   19                  16.1278             1108.19             11.1559             
8                   20                  17.7238             1108.19             10.9899             
8                   21                  13.6931             1108.39             13.3133             
8                   22                  18.7965             1107.92             10.7059             
8                   23                  26.8417             1105.82             11.1634             
8                   24                  24.4848             1107.97             12.2986             
8                   25                  27.1265             1109.04             12.4862             
8                   26                  23.7506             1108.33             12.5618             
8                   27                  19.2309             1107.75             12.0928             
8                   28                  14.0882             1104.44             12.4489             
8                   29                  7.76746             1105.23             11.8188             
8                   30                  5.83353             1108.14             16.0751             

9                   16                  10.1383             1108.59             15.6706             
9                   17                  21.7847             1107.47             10.58               
9                   18                  15.4698             1105.6              12.3168             
9                   19                  13.3364             1109.06             11.4202             
9                   20                  13.1084             1106.02             13.2957             
9                   21                  16.9784             1106.71             11.58               
9                   22                  24.0564             1107.71             12.7283             
9                   23                  32.9567             1107.52             10.3772             
9                   24                  28.9216             1107.37             11.5347             
9                   25                  36.6468             1107.77             10.3531             
9                   26                  29.036              1108.03             12.7071             
9                   27                  26.5831             1105.78             14.3516             
9                   28                  22.0302             1104.9              11.6711             
9                   29                  13.4056             1104.46             12.605              
9                   30                  8.83842             1101.85             13.0116             

10                  16                  9.65743             1104.47             14.1828             
10                  17                  18.6877             1107.14             12.4656             
10                  18                  16.1187             1107.67             11.2803             
10                  19                  11.7753             1107.61             11.9564             
10                  20                  14.1377             1109.22             10.3969             
10                  21                  16.4947             1105.31             12.5988             
10                  22                  29.3202             1106.6              10.7324             
10                  23                  27.6677             1109.68             13.4436             
10                  24                  34.2669             1106.68             11.9947             
10                  25                  36.7299             1106.9              11.3768             
10                  26                  38.0618             1105.46             11.9146             
10                  27                  35.7414             1105.37             12.4805             
10                  28                  28.406              1105.23             12.269              
10                  29                  20.1406             1102.87             12.8976             
10                  30                  11.0395             1103.27             13.6164             

11                  15                  3.04273             1105.91             10.8185             
11                  16                  13.1061             1106.52             12.7548             
11                  17                  16.9868             1107.53             11.8067             
11                  18                  12.7702             1104.99             12.2087             
11                  19                  11.2065             1108.5              11.1611             
11                  20                  11.701              1107.13             11.6421             
11                  21                  16.549              1107.63             11.8692             
11                  22                  20.3623             1107.99             12.135              
11                  23                  26.7158             1107.3              12.9161             
11                  24                  33.8885             1106.1              11.9248             
11                  25                  44.1059             1105.98             11.1025             
11                  26                  44.8815             1105.57             11.0822             
11                  27                  37.8959             1102.39             12.3965             
11                  28                  33.1306             1103.02             11.7354             
11                  29                  30.3047             1101.78             10.4344             
11                  30                  16.1891             1100.91             12.8242             
11                  31                  7.75112             1103.02             13.3712             

12                  16                  11.1758             1104.3              9.90796             
12                  17                  15.9324             1104.57             9.85794             
12                  18                  8.96675             1111.45             14.0447             
12                  19                  9.72442             1106.18             12.2714             
12                  20                  8.52921             1106.48             12.7514             
12                  21                  10.0582             1105.14             13.514              
12                  22                  20.5459             1105.95             11.358              
12                  23                  29.2586             1106.94             10.377              
12                  24                  33.3016             1105.66             11.4902             
12                  25                  41.5618             1103.82             10.9648             
12                  26                  41.9382             1104.08             10.9759             
12                  27                  44.6506             1105.55             11.8389             
12                  28                  38.9036             1103.11             11.6727             
12                  29                  30.8249             1102.45             11.1647             
12                  30                  22.6876             1098.11             11.6093             
12                  31                  12.0943             1096.3              10.4738             

13                  16                  9.46403             1103.49             14.4267             
13                  17                  7.03498             1104.03             14.2458             
13                  18                  7.63936             1108.03             11.4294             
13                  19                  6.44087             1109.36             10.9914             
13                  20                  7.92117             1104.89             11.7113             
13                  21                  9.33796             1105.65             9.56908             
13                  22                  13.2348             1105.08             14.1292             
13                  23                  18.9576             1101.17             12.4528             
13                  24                  25.4588             1102.42             12.0358             
13                  25                  34.5859             1104.8              12.2862             
13                  26                  37.8015             1104.06             12.5213             
13                  27                  47.1513             1103.25             12.1728             
13                  28                  40.2366             1101.83             12.6485             
13                  29                  33.2672             1101.62             12.7765             
13                  30                  21.4985             1100.36             11.5366             
13                  31                  12.0179             1098.37             11.8207             

14                  16                  10.8657             1103.42             8.88904             
14                  17                  7.76549             1106.82             10.4324             
14                  18                  6.02914             1104.96             14.221              
14                  19                  2.97632             1112.76             19.9913             
14                  20                  4.02468             1105.21             10.3687             
14                  21                  3.65582             1107.88             19.0925             
14                  22                  8.39257             1103.23             14.9295             
14                  23                  16.3736             1104.91             12.7423             
14                  24                  22.4884             1102.76             12.914              
14                  25                  33.662              1103.93             11.3712             
14                  26                  36.9681             1102.93             11.679              
14                  27                  40.3151             1102.43             13.7258             
14                  28                  43.3773             1102.06             12.6988             
14                  29                  33.2013             1098.36             10.9384             
14                  30                  27.565              1097.38             10.4383             
14                  31                  13.4795             1095.72             9.41634             

15                  22                  5.07781             1107.02             10.8082             
15                  23                  5.91662             1109.67             15.5359             
15                  24                  8.28669             1103.18             14.4297             
15                  25                  18.952              1106.47             11.3056             
15                  26                  23.9636             1103.06             10.8241             
15                  27                  26.4384             1101.27             11.8083             
15                  28                  20.6433             1103.05             12.1088             
15                  29                  22.7195             1101.12             12.3418             
15                  30                  15.3747             1098.8              13.5341             
15                  31                  8.64973             1093.9              10.7008             

16                  24                  4.62768             1103.85             17.1179             
16                  25                  5.53546             1103.83             11.1766             
16                  26                  2.95881             1105.26             20.0982             
16                  27                  3.52271             1098.32             16.7155             
16                  28                  4.73572             1106.4              16.8255             
16                  29                  3.65495             1101.18             21.7826             
