16                  1                   7.15187             975.848             11.9872             
16                  2                   12.6914             978.441             13.457              
16                  3                   17.2738             981.817             12.2821             
16                  4                   30.274              982.385             9.69776             
16                  5                   23.076              985.421             10.7537             
16                  6                   19.7158             985.582             10.5762             
16                  7                   17.1839             986.675             10.6501             
16                  8                   10.9083             987.998             11.6223             
16                  9                   9.29775             986.455             11.7094             
16                  10                  4.08421             988.556             17.1051             

17                  1                   9.93231             979.02              13.1128             
17                  2                   25.3752             978.56              10.6634             
17                  3                   35.7134             981.825             9.5424              
17                  4                   40.5984             982.623             9.71616             
17                  5                   35.7381             985.911             10.0037             
17                  6                   37.149              985.253             10.2749             
17                  7                   28.4215             986.239             10.2543             
17                  8                   17.7255             985.841             10.2214             
17                  9                   11.1516             987.608             11.0482             
17                  10                  8.84589             991.966             13.9006             
17                  11                  6.35075             988.964             11.8882             

18                  1                   10.5522             980.3               13.8312             
18                  2                   27.1738             979.847             9.9292              
18                  3                   33.7306             983.489             11.22               
18                  4                   35.6545             983.499             10.0849             
18                  5                   35.1663             986.833             10.7657             
18                  6                   28.3139             986.015             12.2477             
18                  7                   24.9725             989.235             11.2859             
18                  8                   21.8902             990.425             10.2846             
18                  9                   14.9426             993.756             9.07149             
18                  10                  9.95133             991.325             11.0022             
18                  11                  5.8768              992.925             10.8496             

19                  1                   10.4968             981.707             10.5366             
19                  2                   23.8656             981.995             9.52011             
19                  3                   30.8645             983.956             9.92937             
19                  4                   32.1669             985.037             10.6145             
19                  5                   37.2085             987.741             10.5158             
19                  6                   35.0046             990.016             10.4447             
19                  7                   24.5182             991.626             11.801              
19                  8                   20.5096             992.277             10.8664             
19                  9                   18.966              992.483             10.7348             
19                  10                  14.6336             995.813             8.95161             
19                  11                  8.98064             994.613             10.2167             
19                  12                  5.95973             997.75              9.87529             
19                  13                  9.43558             998.211             9.70516             
19                  14                  7.91637             993.336             13.7798             
19                  15                  13.5579             996.081             10.4313             
19                  16                  13.1959             992.497             11.2293             

20                  1                   5.81644             982.438             13.1009             
20                  2                   13.445              984.174             10.7059             
20                  3                   25.6001             985.388             9.62933             
20                  4                   24.9413             988.17              12.5604             
20                  5                   32.5444             986.985             9.90983             
20                  6                   35.1699             989.844             10.4168             
20                  7                   25.606              992.64              10.5986             
20                  8                   24.7957             995.072             11.6096             
20                  9                   19.9399             995.205             12.0872             
20                  10                  10.9693             996.477             11.959              
20                  11                  12.3253             997.221             11.5911             
20                  12                  8.91675             999.489             12.2215             
20                  13                  12.4625             1002.52             8.99631             
20                  14                  15.4725             999.49              8.85                
20                  15                  13.4791             999.467             9.00383             
20                  16                  14.5943             995.327             12.9904             

21                  1                   5.96375             984.248             13.5611             
21                  2                   17.4635             984.35              8.84947             
21                  3                   18.2053             985.936             12.9217             
21                  4                   20.6483             986.896             11.6676             
21                  5                   30.6716             989.879             9.48919             
21                  6                   27.915              990.426             10.2347             
21                  7                   29.9669             992.923             10.532              
21                  8                   22.1096             996.868             11.4508             
21                  9                   21.2744             997.655             11.2643             
21                  10                  20.5723             996.666             10.0699             
21                  11                  16.0988             997.47              12.2735             
21                  12                  14.8833             1001.03             9.69467             
21                  13                  19.5747             1001.63             10.2394             
21                  14                  24.4699             997.95              8.38659             
21                  15                  17.8016             997.462             10.1181             
21                  16                  16.6131             996.121             11.3067             

22                  2                   9.57053             989.005             11.1098             
22                  3                   14.3947             986.454             12.1832             
22                  4                   23.4474             989.755             9.85858             
22                  5                   24.2317             991.004             10.7636             
22                  6                   24.2425             991.989             10.4754             
22                  7                   21.7434             994.561             12.3952             
22                  8                   25.3874             996.023             10.6309             
22                  9                   24.2225             996.8               10.5844             
22                  10                  20.7968             998.717             10.5596             
22                  11                  17.7815             999.056             10.3325             
22                  12                  18.0108             999.986             10.7534             
22                  13                  19.6223             1000.33             8.66152             
22                  14                  20.4134             998.271             9.63339             
22                  15                  26.4387             997.36              9.9713              
22                  16                  19.5465             997.081             10.3037             

23                  2                   5.12613             981.951             13.2533             
23                  3                   11.0392             994.184             9.98513             
23                  4                   12.9215             988.63              11.3415             
23                  5                   17.8998             989.498             11.5129             
23                  6                   23.1267             992.874             12.611              
23                  7                   25.4351             996.489             11.4055             
23                  8                   28.133              995.41              10.0467             
23                  9                   27.7541             996.55              9.40791             
23                  10                  24.3359             999.201             10.2403             
23                  11                  28.1658             1000.12             9.58758             
23                  12                  25.1449             999.426             10.1311             
23                  13                  19.6984             999.558             10.7311             
23                  14                  22.0335             998.719             11.1095             
23                  15                  26.4608             997.982             9.99437             
23                  16                  18.3545             997.642             10.5066             

24                  3                   3.92915             986.318             10.4344             
24                  4                   8.01143             987.927             14.78               
24                  5                   10.619              991.408             12.777              
24                  6                   16.7071             992.323             11.4627             
24                  7                   20.2941             994.864             11.0408             
24                  8                   22.405              997.447             10.2278             
24                  9                   20.5895             997.94              11.318              
24                  10                  25.0421             999.059             9.35332             
24                  11                  22.9511             998.43              10.0601             
24                  12                  26.5066             1001.29             8.47838             
24                  13                  26.9291             1002                9.22547             
24                  14                  26.8263             999.61              10.3117             
24                  15                  20.4167             998.326             8.55947             
24                  16                  18.6304             993.876             10.2885             

25                  4                   7.39747             991.231             10.9467             
25                  5                   8.04223             992.114             10.5171             
25                  6                   9.77706             992.074             10.7132             
25                  7                   14.1909             995.153             11.114              
25                  8                   11.1457             994.328             13.2715             
25                  9                   16.5446             998.019             10.0067             
25                  10                  15.5454             996.648             9.14678             
25                  11                  17.5229             999.355             11.7866             
25                  12                  19.4275             999.851             11.1453             
25                  13                  16.369              1001.96             10.142              
25                  14                  26.2156             998.931             8.2059              
25                  15                  19.3044             998.395             9.99342             
25                  16                  13.7082             998.012             9.83032             

26                  6                   5.25084             989.62              13.6123             
26                  7                   8.90752             993.327             13.9174             
26                  8                   9.24102             995.858             9.51169             
26                  9                   8.75511             996.591             11.7591             
26                  10                  12.7009             997.436             11.7415             
26                  11                  13.7855             999.237             10.048              
26                  12                  12.8396             998.763             9.86736             
26                  13                  14.7053             998.671             9.46497             
26                  14                  16.4772             996.65              8.81094             
26                  15                  15.9947             998.021             10.2634             
26                  16                  11.5765             996.861             7.78886             

27                  6                   3.24922             991.803             14.7402             
27                  7                   4.99814             992.843             11.5521             
27                  8                   8.33618             996.263             7.91351             
27                  9                   5.53778             999.426             13.8622             
27                  10                  7.4168              997.54              11.0675             
27                  11                  9.2866              996.715             12.6944             
27                  12                  9.13645             1001.4              11.5069             
27                  13                  7.49323             998.786             12.1049             
27                  14                  8.99498             997.489             10.3967             
27                  15                  5.29442             999.113             11.7507             
27                  16                  5.05516             996.287             12.287              

28                  10                  4.61401             1001.73             10.4332             
28                  11                  3.64589             998.288             13.1292             
28                  12                  5.94807             998.117             8.57349             
28                  13                  5.27518             999.184             9.30166             
