8                   15                  9.22387             974.829             4.67908             

9                   13                  4.75496             977.212             4.86633             
9                   14                  9.54037             974.033             5.18946             
9                   15                  19.9713             978.765             8.03382             
9                   16                  9.14692             978.214             9.16877             


10                  12                  3.94201             979.662             4.06127             
10                  13                  17.112              978.328             6.54484             
10                  14                  35.4821             978.445             6.31564             
10                  15                  69.8972             980.184             6.96213             
10                  16                  37.6496             982.58              7.70612             

11                  11                  3.45011             977.985             7.6448              
11                  12                  13.3322             982.239             6.52892             
11                  13                  37.7087             980.749             6.73637             
11                  14                  108.059             981.886             6.82105             
11                  15                  167.131             983.984             6.38885             
11                  16                  68.1567             985.039             7.60107             

12                  11                  4.78671             985.522             7.97099             
12                  12                  24.239              985.341             7.03944             
12                  13                  89.7102             983.68              6.74029             
12                  14                  230.801             984.14              6.70051             
12                  15                  296.74              986.563             6.8276              
12                  16                  103.403             989.426             7.26039             

13                  10                  3.56017             984.629             9.17961             
13                  11                  10.3577             992.925             7.98996             
13                  12                  52.4516             987.525             7.33514             
13                  13                  179.076             986.464             6.85192             
13                  14                  334.009             987.42              6.82689             
13                  15                  388.24              989.846             6.8431              
13                  16                  128.219             992.533             7.0696              

14                  10                  3.31408             992.138             9.29964             
14                  11                  15.2504             992.536             7.64276             
14                  12                  80.8723             989.483             7.54189             
14                  13                  244.173             988.624             6.98195             
14                  14                  451.563             990.109             6.70636             
14                  15                  481.21              992.304             6.50316             
14                  16                  142.972             994.294             7.53451             
14                  17                  5.51039             989.36              10.9836             

15                  11                  28.996              995.601             5.87225             
15                  12                  111.432             992.291             7.71697             
15                  13                  297.892             991.025             6.87267             
15                  14                  515.995             991.999             6.39885             
15                  15                  482.751             994.213             6.70352             
15                  16                  146.641             995.707             7.28586             

16                  11                  27.6932             994.173             6.98666             
16                  12                  114.757             993.52              7.24392             
16                  13                  330.589             992.166             6.80068             
16                  14                  536.607             993.029             6.30065             
16                  15                  511.709             995.729             6.73597             
16                  16                  145.66              997.377             7.51382             
16                  17                  4.91573             992.106             9.48758             

17                  11                  23.281              997.867             7.50357             
17                  12                  109.313             993.83              6.7695              
17                  13                  302.205             993.164             6.86951             
17                  14                  491.383             993.732             6.4326              
17                  15                  495.418             996.612             6.81968             
17                  16                  147.883             998.72              7.62521             
17                  17                  7.25174             994.154             5.77888             

18                  11                  13.3267             998.373             8.27979             
18                  12                  81.2917             994.713             6.83924             
18                  13                  235.131             993.509             6.82946             
18                  14                  429.321             994.072             6.74005             
18                  15                  454.174             996.741             6.92782             
18                  16                  122.802             999.394             8.27197             

19                  11                  4.9864              996.002             8.02253             
19                  12                  44.5292             996.645             6.22431             
19                  13                  153.256             993.659             7.295               
19                  14                  303.416             993.746             6.88462             
19                  15                  401.187             996.724             6.78073             
19                  16                  123.358             999.601             7.22898             

20                  11                  3.77507             997.894             7.33376             
20                  12                  15.6209             996.872             8.49227             
20                  13                  83.1086             994.286             6.7787              
20                  14                  190.201             993.825             6.89434             
20                  15                  249.062             995.616             7.4102              
20                  16                  93.8719             999.372             8.37111             

21                  12                  6.5451              991.392             6.62645             
21                  13                  29.6371             994.652             6.49414             
21                  14                  78.7644             992.487             7.53317             
21                  15                  154.998             994.827             7.29709             
21                  16                  65.3013             997.283             7.94933             

22                  13                  8.87321             990.996             6.75136             
22                  14                  23.1974             991.733             8.492               
22                  15                  48.727              994.099             8.02514             
22                  16                  25.4883             995.189             8.32726             

23                  15                  16.7973             989.247             7.83947             
23                  16                  8.14331             992.267             8.96044             
