4                   18                  4.65426             1051.2              9.71366             

5                   17                  6.29029             1050.66             10.4882             
5                   18                  5.82534             1052.53             12.0068             
5                   19                  4.79622             1056.26             15.2281             
5                   20                  2.82964             1054.73             17.2965             

6                   17                  7.73909             1052.13             10.8256             
6                   18                  11.4318             1054.96             12.6994             
6                   19                  13.0024             1053.69             10.1932             
6                   20                  5.72714             1056.1              12.1938             
6                   21                  3.10228             1048.11             18.7623             

7                   17                  9.5841              1054.09             10.2523             
7                   18                  16.2237             1051.08             10.3116             
7                   19                  17.4339             1053.5              8.04185             
7                   20                  12.04               1054.53             11.6565             
7                   21                  7.13541             1048.07             11.2039             
7                   22                  8.42586             1047.25             6.9832              
7                   23                  5.46634             1049.22             9.84736             

8                   17                  14.5016             1050.71             9.55141             
8                   18                  23.7597             1053.22             9.09107             
8                   19                  21.8974             1051.93             11.4524             
8                   20                  15.9428             1049.91             10.784              
8                   21                  12.8306             1050.82             11.8703             
8                   22                  9.97261             1048.45             9.86481             
8                   23                  3.52209             1047.8              11.3946             

9                   17                  15.5674             1050.07             10.3576             
9                   18                  29.1191             1049.2              10.5197             
9                   19                  26.8813             1050.02             10.1709             
9                   20                  30.0479             1049.69             9.21376             
9                   21                  19.1469             1050.83             10.2152             
9                   22                  12.0066             1048.48             10.2757             
9                   23                  9.58063             1047.19             10.8194             

10                  17                  13.7761             1048.91             10.7458             
10                  18                  27.7332             1049.74             10.7927             
10                  19                  30.3635             1048.88             11.0869             
10                  20                  31.7488             1049.25             9.81601             
10                  21                  24.1636             1049.09             10.4528             
10                  22                  17.2                1049.86             11.6335             
10                  23                  9.48028             1044.59             11.3732             
10                  24                  5.68601             1042.73             13.132              

11                  17                  14.7291             1048.87             12.0871             
11                  18                  30.0629             1047.2              10.8041             
11                  19                  33.768              1048.28             11.2515             
11                  20                  34.0818             1048.09             10.2859             
11                  21                  26.6244             1049.11             9.94925             
11                  22                  22.7664             1046.19             10.0865             
11                  23                  10.517              1045.43             12.1584             
11                  24                  6.80074             1043.72             10.6537             

12                  17                  12.3295             1042.95             10.996              
12                  18                  29.2345             1044.65             10.9749             
12                  19                  32.3498             1045.92             10.6691             
12                  20                  33.0399             1044.86             10.8444             
12                  21                  29.2373             1046.19             11.3083             
12                  22                  23.625              1046.44             10.7617             
12                  23                  18.2539             1041.38             11.6745             
12                  24                  14.3536             1041.5              8.26409             
12                  25                  5.06871             1040.13             9.1346              

13                  17                  10.5305             1044.71             9.06826             
13                  18                  30.04               1041.68             9.59202             
13                  19                  28.7992             1042.44             10.9292             
13                  20                  38.198              1042.87             10.3327             
13                  21                  36.7304             1045.64             9.87708             
13                  22                  24.6249             1043.72             10.276              
13                  23                  21.3467             1041.44             11.1785             
13                  24                  11.2822             1042.23             9.45145             
13                  25                  5.44706             1042.94             13.7323             

14                  17                  8.66934             1041.52             12.2238             
14                  18                  25.5557             1037.32             10.109              
14                  19                  24.7948             1041.18             12.3283             
14                  20                  32.8451             1040.82             10.8692             
14                  21                  32.4753             1042.59             9.73325             
14                  22                  24.5481             1042.4              9.96093             
14                  23                  21.9447             1038.69             9.97171             
14                  24                  16.3466             1035.92             9.30421             
14                  25                  6.04082             1037.13             13.8819             
14                  26                  3.97142             1034.59             11.4322             

15                  18                  14.1936             1039.48             11.1408             
15                  19                  18.4424             1040.52             8.94235             
15                  20                  16.7149             1040.75             11.0823             
15                  21                  16.4538             1041.96             11.6692             
15                  22                  15.5829             1041.61             11.4569             
15                  23                  13.3976             1040.33             11.508              
15                  24                  7.90264             1038.4              15.3632             
15                  25                  3.5202              1036.2              10.909              
